0.991732899254434,-0.0194787134165938,-0.0224212958425885,-0.00999990903597245,-0.0407198026042063,-0.0246501043060682,-0.000795753125419401,-0.00569681385516357,-0.0345794651305445,0.0489057344486152,-0.00409654388243249,-0.00188644806589311,0.00724501198892692,-0.00566330418694621,-0.017306164172333,0.00145242740741997,0.0253128117453864,-0.0273574819355635,0.0390387934471584,0.000937371110102005,-0.019137791732368,-0.023192229192417,-0.0237484949706899,0.0192387104477759,-0.0133635423639494,0.00796654430184177,0.0681617652824854,0.00446659840511545,-0.00899759772342937,0.0908090977486355,-0.00367870684008661,0.0165607412094084,0.0286871841588099,0.0259545584994517,0.0555195888909785,-0.00701059977642899,0.0147850584081658,0.00414676758992622,0.0226859366567667,0.0167158641222463,-0.0459897933037777,-0.0316507717812845,0.0105019410941379,0.0090748688295339,0.0161544851320911,-0.00213673009165418,-0.011965530989684,0.0124955633383794,0.0284742116033574,0.0216050974638821,-0.0149783683041288,0.0323265525284494,0.020607698176221,-0.0578848674909851,-0.0587399872636682,0.0304904475343355,0.012996729650293,-0.0234773089993422,0.0513516118800607,0.0191112536423838,0.0353659046614554,-0.0137183563999499,0.0326179252439095,-0.0114232600386963
-0.0194787134165938,1.00713551273468,-0.0154139634795574,0.0179768853574381,0.0292521138084523,-0.0062884515597143,-0.00946954318352339,-0.044372917879197,-0.0217971337215916,0.0258211452806085,0.045883295612879,0.020307272238126,0.0248070525358858,-0.0205190811241246,0.025197023267321,-0.0394844143067426,0.0448836049757598,0.0314433375294061,0.00735239744247337,0.0107995670282047,-0.0275726857719158,-0.0160977111704912,0.0177413665950931,-0.0338422496804502,-0.030415003767051,-0.025111770653926,-0.0162628010309369,-0.0327845763390711,-0.0262709919397195,-0.0360721210182046,0.0291400311825094,-0.00571497493543267,-0.00184319984290268,0.0126090629318198,0.00296266058383926,-0.0210498331999361,0.0137168079166693,9.01124060411424e-05,0.00391716008626394,0.0573262643895923,0.0464340235806653,0.00899726080535642,0.0450159848407586,-0.0553997966950106,0.00689788805781599,0.00909704650621266,0.0460029462424163,0.0146185211946079,0.0563080485192014,0.028842459289425,-0.043431824864595,0.0298013030706001,0.0180464990438129,0.035617032024498,0.0542308401735535,-0.0282165886159065,0.00534428155161923,-0.0533784629675165,-0.0118925647029462,-0.010698754749423,0.0392107064898389,0.0976268293481434,0.000348359118180378,0.026101289590426
-0.0224212958425885,-0.0154139634795574,1.02045939351656,-0.0104263226241479,0.0239409219342982,-0.0660983611738506,0.015954778570578,-0.0298718868814252,-0.00334108614839621,-0.0235840080954889,-0.00177746308808684,-0.00465537807938676,0.0240781040689238,-0.0111975599522299,0.00604402288522089,0.022629010847933,-0.0462141600142964,-0.0595347209980139,-0.0361869222721016,-0.00467996930873891,0.0243029612858956,0.0260755560825527,0.0244822548591983,-0.00951063475971816,-0.0163817853451996,-0.0044245819824824,0.0197245134765705,-0.0227465941404739,0.0669602881670581,0.0495706134234103,0.0368883107960867,0.0123391846039333,0.0123511041551826,-0.00929492286692506,0.00430274886810984,-0.0279994172073082,-0.0498176393192596,0.0345580737332605,-0.0408820116975373,-0.0155258332962256,0.0134756594483582,0.0409514137748314,0.000624639657422731,-0.00991938082457156,0.00714946992876281,0.00715907291000787,-0.0293197450028719,0.0442809888491364,0.00063706705692978,0.0433018435221983,-0.0141540588484792,-0.0139019370930967,-0.0126117804912462,-0.0347523934095443,-0.0432932366493627,0.00229911593637906,0.0394294518891249,0.00737430011049372,-0.0101733114531033,0.001871538629636,0.0019477996568654,0.0494084505694516,-0.0190062629618073,0.0794734998513126
-0.00999990903597245,0.0179768853574381,-0.0104263226241479,0.953806490586047,0.0245386922647721,-0.0466844517611388,-0.025099673741008,-0.0175296897542912,0.0236916102822341,0.00945204437554043,-0.0224811633525571,-0.00663218712616362,0.0290259770423608,0.0539137521412227,-0.0100846124518864,-0.0426506328865131,0.0382663310544962,-0.00586228087303009,0.0050738553262456,0.00720782708152083,0.0330443022034683,-0.0054456601650824,0.0723247898392471,0.0353357486375832,-0.042332906013951,-0.020170082623245,-0.0165663067958858,-0.037379157969199,-0.0101911869709015,0.00286622272978029,-0.0287618341172171,-0.0296347335923212,0.0866753911736173,0.0360418828126681,-0.0264866211831382,-0.0151627800739628,-0.0268351868581577,-0.000648703244574604,-0.0179744294771103,-0.0154289225054305,-0.0202873694589347,-0.0237176120304831,-0.0128238443144934,-0.0275465611324309,-0.0662206292383966,0.0401112226850352,0.0194854524387324,-0.0258265037408164,0.021881095099281,0.0272363499434791,-0.00643698870465446,-0.0281731263002714,0.00714924017434796,-0.013192142703946,-0.00501586645727837,0.018824246670314,0.0110655689741668,-0.0264532455571529,0.0480938223201804,-0.0358018053103193,0.0630368171658922,-0.0124989900559718,0.0201487658202406,0.00550830557102621
-0.0407198026042063,0.0292521138084523,0.0239409219342982,0.0245386922647721,0.969347434708343,0.00415250828203768,0.0550166226800786,-0.0103163644723452,0.0576048247863052,0.00616230444834175,0.00161473158577282,-0.0952473929473543,-0.0698322360108775,-0.01177898236403,0.0472895857477091,0.0452828407157295,0.0334508053579303,0.0174581334425314,0.043069292642971,-0.0144447904004665,-0.00132264475456195,0.0174454166857406,0.0361938438588935,-0.0173713907959221,0.0457627136803157,-0.0025576666898605,0.0241655193944227,0.0231998459379485,-0.0360221623716385,-0.0115312075500884,-0.0135773114351447,0.0247063065437556,-0.0112288434545454,0.0389137432536962,-0.0499938898144544,0.0203009530342724,0.0467472763928272,-0.0243076244241964,0.0350133017875957,-0.017685252453859,0.0246097250145563,0.000547716023323857,0.0525104109679085,0.0135975819816354,-0.011152594374953,-0.0153126716365593,7.50137367376315e-05,-0.0239410852757602,0.0161200962301042,0.0118167821051288,-0.0402758863535259,0.00666489562026651,-0.0327817402411364,-0.0112890317160721,0.0192702961900075,0.0518548053419311,-0.0415982572177718,0.0505142552418869,0.0331116141639304,0.0457458972678046,0.0342285170309268,-0.0120429872127316,0.0534142523289997,0.00228308127994119
-0.0246501043060682,-0.0062884515597143,-0.0660983611738506,-0.0466844517611388,0.00415250828203768,1.01940228039624,-0.0684114959531768,-0.0896153313579466,0.0297457809446061,-0.0328238042914925,-0.022940371766165,-0.0139365258471285,0.0457884794441702,0.00369169518424635,0.0397581299206151,0.0405569027892758,0.0282754493623659,-0.0173468485723231,0.0437312201942252,-0.0197726750248877,0.000997635157858048,0.0612352224426186,-0.00422492705590084,0.00934796110422617,0.0183389572262781,0.00877933731864365,-0.0100805463778653,-0.0122184687415234,-0.0435468007870743,-0.0200066058295933,-0.00343375136043426,-0.0136106553036205,-0.0156754889446308,-0.00798842923551231,-0.0242099027720032,-0.0703499487745427,0.0270998033840607,0.0877552212234186,0.0343389397203818,-0.0149932677464898,-0.0107579413884412,0.0494118523350666,0.00343339825120531,0.101318652126532,-0.0545758853942163,-0.0213263084472513,0.0121422016754818,0.0208262693060346,-0.0673972724282529,0.00927516687345969,0.0258658747361253,0.00910069090571019,-0.0107105506653237,0.0062612880939497,-0.00141974855815433,0.00348703104962437,-0.0232157175610805,0.028687995294748,0.0310891898568733,-0.0238625818478981,0.00418872180287625,0.0625279499662839,-0.0329021431033174,-0.013310825437893
-0.000795753125419401,-0.00946954318352339,0.015954778570578,-0.025099673741008,0.0550166226800786,-0.0684114959531768,0.963570206251769,0.00195240067924703,-0.0848113436223795,-0.0523698697832024,-0.0606280301682599,-0.0280421382421804,-0.026793475740338,0.0372508495817494,0.0338805868244834,-0.0369720632954285,-0.0108782807420972,-0.0539087472095281,-0.0307385831119146,0.0114173574078354,-0.00791486550845584,0.0445126544581746,0.0134037583409846,-0.00232099319938704,0.0117377890047404,-0.0632929085983389,-0.0031772811803491,0.0412141454719929,-0.00151433606539655,-0.0151559482737606,-0.0508084694756617,0.0181043056304826,0.036966649950587,0.0511474949173718,-0.0225842499304812,-0.0655976745837766,0.00285609390622272,-0.0291213661233893,-0.0416879834048258,-0.0166984592247228,0.0029291423968186,-0.00994529301507808,0.00610329263623022,0.00172633057901551,0.0896470707034856,-0.0158744581934027,0.00495935816702848,0.0143014309399282,0.0057854478931812,-0.055403675797427,-0.00530236451120522,-0.00220657988053732,0.0313412531420614,0.0476419616455262,0.00784314742978977,0.00631388439194611,-0.0185410177244454,0.00909601379958032,-0.0401990261121196,-0.0283610819160366,0.0171035171844843,-0.0116382977025569,-0.0105793780428564,0.0215667137806156
-0.00569681385516357,-0.044372917879197,-0.0298718868814252,-0.0175296897542912,-0.0103163644723452,-0.0896153313579466,0.00195240067924703,0.98816072737079,-0.0264346467496932,-0.00707877558847216,-0.00223111008978411,-0.00227896592889713,-0.00189574843436192,-0.0289302476013363,0.00136800664791681,-0.0176186873959994,0.0465048245648257,-0.0328838109181158,0.0343268976846211,0.00624615698937181,0.020120166823129,0.00436520236372941,-0.0102351920353157,0.0209756272907308,-0.039024269409206,-0.0280432328493231,-0.0375298611888015,0.0246836226434193,-0.0138083647704775,0.0464194379934121,-0.0384395118979364,-0.00532470748599075,-0.0527190543957083,0.0178439946064602,0.018786118989407,-0.00624501587441081,0.00572986236602957,-0.0205843789753652,-0.0199166153610351,0.0167400865944721,-0.0509385454665982,0.00342616768412457,0.0233320787738947,-0.0275483509058667,0.00601383390218736,-0.00187137081349202,0.0113701274905307,0.0302092248494504,0.037369972782273,-0.0472962526535374,0.022561974475589,-0.0489021342372877,0.00606655356240723,-0.0204523114152057,0.0106867995617357,0.0251932056245851,0.0200492800292386,0.0499430041505531,-0.00407895309691949,0.0518181585518103,0.0184708749391951,-0.00292196662419718,0.00664112414032365,0.0163462142137277
-0.0345794651305445,-0.0217971337215916,-0.00334108614839621,0.0236916102822341,0.0576048247863052,0.0297457809446061,-0.0848113436223795,-0.0264346467496932,0.945617005935252,-0.0124760674710563,0.018356644348136,0.0269537539564397,-0.0362683793779414,0.0481550088990497,-0.0245228182361248,0.04826869274918,0.0271896335600429,-0.00251086423215149,-0.000879944596475655,-0.0162165779533589,-0.0293043206631398,-0.0249530767110612,0.00357764736756276,-0.0331623127856008,-0.0182561969770466,0.0313623815597813,-0.00376624488172746,0.0481403050882541,0.00395728674718329,0.0436861655862986,-0.029060587276144,0.0202180312217365,0.035660926964436,0.0348888155371223,0.00814146416868345,0.0417108093729713,-0.0195858567746995,0.000569092980563085,-0.0308452855616822,-0.000350240072753633,-0.0216894326084115,0.046285050625651,0.0309831044958795,0.02135675990936,-0.000708630771089067,-0.0347121893228139,0.0206971547455165,-0.0296174448861895,0.0195655072910835,0.0435513473579022,-0.0307201387385697,0.0358262970065578,0.0400377691707954,-0.0340597014033594,-0.00871793864361087,-0.0519612549406745,0.0313287409347045,0.0208907740991333,0.0616952026080875,-0.0295359317817755,-0.0187965612348723,0.0271845161975025,-0.0372975413700758,0.0376453538227572
0.0489057344486152,0.0258211452806085,-0.0235840080954889,0.00945204437554043,0.00616230444834175,-0.0328238042914925,-0.0523698697832024,-0.00707877558847216,-0.0124760674710563,0.957512074707861,-0.0663741778624414,-0.0329079641768447,-0.0347324610630986,0.0339499578802529,-0.0152331962183212,0.0223160501899846,0.0149670396337251,0.0554422558266346,0.013646941318456,0.0129340546513757,-0.023784119442688,-0.0112370973979152,-0.0193716616534791,0.0202939330675925,0.0528342054465678,-0.00122055878392626,-0.0496561918952689,0.0125387386161094,0.0276013120117737,0.0339977934901351,0.00432748575228627,0.0186790949583588,-0.0375445525841851,-0.0533281016994603,-0.0197245522307338,-0.0352998681223583,0.00831809861574471,-0.00034429204806404,0.0184333651107958,0.0397265139252743,0.0241847286965917,-0.0262026961977792,-0.020763446551913,-0.0295851982618967,-0.00511381184406631,0.014335093763932,-0.0371735427679197,-0.0357699985785386,0.0126751533256446,-0.0405755409587218,-0.0184725935889344,-0.0146648732705535,-0.0449235471233666,-0.012305011524111,-0.0110977391057704,0.0137639924185577,-0.03313346331729,-0.0136833945530078,-0.00363178474944934,-0.00603375551495132,-0.0224077174690669,-0.039287790274487,0.00768559086142066,-0.00394277424886283
-0.00409654388243249,0.045883295612879,-0.00177746308808684,-0.0224811633525571,0.00161473158577282,-0.022940371766165,-0.0606280301682599,-0.00223111008978411,0.018356644348136,-0.0663741778624414,0.902612770625265,-0.0366335344035673,0.006723998180917,-0.0282153540180444,-0.00884773908116427,-0.00737614642089394,-0.0171887704663959,0.0271889777980127,0.0310791992737984,-0.00361775739359038,0.03115039560167,-0.0246589474943497,0.0253982904772903,0.00725741465706557,-0.0128868085078532,0.00013066954677993,0.0299296326936095,0.00425454484404377,0.0450341844015726,0.0387254150550494,0.00848440187066422,0.0143654775314521,0.0176960101152199,0.0194098019513193,0.0337652775320914,0.00889296489066586,-0.0298100963648088,-0.0183420461519757,-0.0452689873415073,0.0644773537177916,-0.0381062407128574,0.0238549140311651,0.00425937984485726,-0.00104936599152506,-0.0483387328648046,-0.000335362431342289,-0.0380994966540788,-0.0530712405332857,0.0111527445063326,-0.00202005233084004,-0.000950238210188088,0.00956367511826007,0.0641963162675405,0.00193070745007995,-0.0177750371434404,-0.00777399565060944,-0.0607868803783747,0.0179275968661659,-0.0259534337783369,0.0353225236611679,0.0252913094569688,0.0530208568011021,0.0186632343418883,0.00502453568428209
-0.00188644806589311,0.020307272238126,-0.00465537807938676,-0.00663218712616362,-0.0952473929473543,-0.0139365258471285,-0.0280421382421804,-0.00227896592889713,0.0269537539564397,-0.0329079641768447,-0.0366335344035673,0.969918008442861,-0.00850376565889368,-0.0105516046806759,0.0284540736657262,0.0442837176591708,-0.0300769405311326,-0.0730105808160135,0.0034343497807964,-0.0287825620559148,0.00195505015787596,0.051625824506243,-0.0437408666686022,0.0291596067286875,-0.0351369970826781,-0.0152352882040131,-0.0217546801812096,-0.0191221764179625,-0.0726704650688863,0.0458933960479281,-0.0198489203166948,0.0346160613999043,0.0129172526093826,-0.00130220681136201,-0.0203422710272112,0.016851636816031,0.0125061512257593,-0.0782323267453182,0.00530278309850397,-0.0108048992450942,-0.0238680563863415,0.0541362799871703,0.00854888252010385,0.0160177231369604,0.0261291000240193,-0.0441970685603412,0.00140770426071977,0.0122733472869764,0.0462793560035222,-0.0121880454740407,0.0214598743883545,0.00189285480302885,0.0179754332854928,-0.0243348150347648,-0.00604635802463624,-0.047472354524135,0.0147424477831751,0.0805559569246594,0.05049029398871,-0.0251147993902903,-0.0327520447805002,-0.0256515599831715,0.0175942776956749,0.00648487095307331
0.00724501198892692,0.0248070525358858,0.0240781040689238,0.0290259770423608,-0.0698322360108775,0.0457884794441702,-0.026793475740338,-0.00189574843436192,-0.0362683793779414,-0.0347324610630986,0.006723998180917,-0.00850376565889368,0.992377869736161,-0.00142287822991243,0.00615989925415059,0.0117758663316282,-0.0446184961162599,-0.0401391830241343,-0.0157358577615097,-0.0526223035278642,-0.00035540380870579,-0.0122284899191044,0.0637463956101085,-0.0319917187526139,-0.0501805931066821,-0.0025511378877621,-0.0348316443223506,-0.0436132385887327,-0.0242048295895121,-0.0184796570743572,-0.019828809083232,0.0213593326865268,0.026174067769455,0.0421406485936092,-0.0235724719628371,-0.0366881679951517,-0.0248587313994613,0.0230405485207462,-0.0320860591498231,-0.0152302432282615,0.0577042246317824,0.0221906942058433,0.0400255628082859,-0.0364205432276883,0.00188489208225167,-0.00388925297450692,-0.0116683465484489,-0.0440561466071932,-0.0555581341614064,0.00969688783296211,-0.0283427011496533,0.000427824651010936,-0.0550093519305842,-0.00273345171335708,-0.0101782995335077,-0.0249128976546575,0.0260745301534729,0.0267957766542093,0.0166034396536634,0.0313454557257417,-0.0635060842863066,-0.0119830115375018,-0.0144306437357035,0.0321373476490036
-0.00566330418694621,-0.0205190811241246,-0.0111975599522299,0.0539137521412227,-0.01177898236403,0.00369169518424635,0.0372508495817494,-0.0289302476013363,0.0481550088990497,0.0339499578802529,-0.0282153540180444,-0.0105516046806759,-0.00142287822991243,0.920493301953701,0.0584139919153076,0.00237865369789981,0.00841268286631682,-0.00669073332517714,-0.0111162583197482,-0.0226870347109271,-0.0467147887729045,0.00978743461655239,0.0255880172743908,0.0310038661229271,0.0351588474258449,0.0119484815862561,-0.0609774545733542,0.0358723287548951,-0.0281084700986292,-0.00403851058054259,0.0270730511356612,0.0256056312858725,0.0361195945399762,0.0246910778451117,-0.0379084431651348,0.0145534211102701,-0.0109702333399277,-0.0217499748868797,0.0479596451608843,0.0194067416195164,0.0392612385783077,-0.0727042736278457,0.0298420567046325,0.0239521995482488,0.0279924175621,-0.00305678564661972,0.00782369004162759,0.034391035521662,-0.0338250056144545,-0.0051126536762149,0.0252165018455388,-0.0167401534659356,-0.00653167716881901,0.00231090442570473,0.0578248924621018,-0.0181304143746208,0.00663559123229516,0.0434894587288183,0.0340011374991021,-0.0715783913273662,0.0483895244586834,-0.0488230506870391,-0.0497264845655114,0.00438390011529644
-0.017306164172333,0.025197023267321,0.00604402288522089,-0.0100846124518864,0.0472895857477091,0.0397581299206151,0.0338805868244834,0.00136800664791681,-0.0245228182361248,-0.0152331962183212,-0.00884773908116427,0.0284540736657262,0.00615989925415059,0.0584139919153076,1.0493812054276,0.00458333698760294,0.017042349584804,-0.0829143986825594,-0.0402224114997539,0.0477542449375291,-0.0479827423201067,0.0349918033913598,-0.0315782035277675,0.0090081043386406,-0.0583591361894837,-0.0231759231069611,-0.027652201913405,0.0109685211179161,0.0191563358848125,-0.0496238803083464,-0.0027821928578287,-0.0137569987773853,0.0344147299839221,-0.0272447521294834,-0.0278561478443037,-0.0537236060982865,0.00579094822912186,0.0174716326429931,-0.0251464393685923,0.0221553186561478,0.00703029043650922,0.00517385719511428,0.0174301378570019,0.0313331393120596,0.060772129294712,0.00892569184121609,0.0120495397997201,0.061167557804278,0.0135023132550527,-0.0222196480880401,0.0505984353783519,0.0375243410966896,-0.00970126205777348,0.00330562503729783,-0.0124795637093667,-0.00733384383833654,0.0197283125892578,0.0185609112980713,-0.0297206928396924,-0.00205586539350376,-0.0373630091289249,0.000925440215784487,0.0722596629453517,-0.00899408467619689
0.00145242740741997,-0.0394844143067426,0.022629010847933,-0.0426506328865131,0.0452828407157295,0.0405569027892758,-0.0369720632954285,-0.0176186873959994,0.04826869274918,0.0223160501899846,-0.00737614642089394,0.0442837176591708,0.0117758663316282,0.00237865369789981,0.00458333698760294,0.991170372526664,-0.0560262167301604,0.0270892370114413,0.00891628261602392,0.00837594038937913,-0.0202857979740645,-0.0384006333666118,-0.0335533687276735,0.0144349949814412,0.0824686820018952,-0.00375260431237573,0.0553778861356046,-0.0426275736576296,-0.0166985934612896,0.0565574337034549,0.0383542896192564,0.00904367586659195,0.0292033228604855,-0.0553640438001713,-0.0110725144969263,0.00809741863158433,0.017661758559034,0.000433910392065953,-0.0120297243592454,-0.00950413922097879,-0.0394907619598377,-0.00820685671527055,-0.0172507079839324,0.0388662730255181,0.0512319397891989,-0.0206083821349636,0.0264531173984289,-0.080120354902133,-0.0264718381806649,0.0257798448117803,-0.0456998286996904,0.0458427228618659,0.0334723292306254,-0.00593901358735404,0.00542273808447319,-0.00337704318646382,0.0467712554615788,-0.0440338583078621,-0.0695681638271846,-0.0195531421153747,0.000158724822049784,0.0507778304295867,0.0137840336614137,0.00519350625639185
0.0253128117453864,0.0448836049757598,-0.0462141600142964,0.0382663310544962,0.0334508053579303,0.0282754493623659,-0.0108782807420972,0.0465048245648257,0.0271896335600429,0.0149670396337251,-0.0171887704663959,-0.0300769405311326,-0.0446184961162599,0.00841268286631682,0.017042349584804,-0.0560262167301604,0.968833461081321,0.0137366112716391,-0.0124625017968189,0.0313503477090489,-0.0508623818167934,0.0152870116095991,-0.00218353842525222,0.00953799900008352,-0.0328159981151883,0.0191555063955823,-0.0234188024366808,-0.0124304215239356,-0.00152517815161281,0.0145202163202501,-0.0178424807752051,0.00899343640110976,0.0679409109226212,0.032156832317432,0.0492963253697523,-0.0101209307280432,-0.0608705349649894,-0.0621873439592124,-0.00373020278153583,-0.0205676161407596,0.0351278134513568,0.0656560325007761,0.0684135081774286,0.00283204961548622,-0.0311652326445106,0.0775036046403969,0.00153227671703723,-0.000799483521543048,0.0129917275154852,0.0233660716499366,-0.0185040394016453,-0.0491526505564322,-0.0167570460202528,0.0289297297270632,0.0248536614306098,-0.0468056720183754,-0.00241222297400552,-0.00504513530814152,0.00917614650324728,-0.0105564879292897,0.0576075740635322,0.0705136297249317,0.0495477465039805,0.081939204234175
-0.0273574819355635,0.0314433375294061,-0.0595347209980139,-0.00586228087303009,0.0174581334425314,-0.0173468485723231,-0.0539087472095281,-0.0328838109181158,-0.00251086423215149,0.0554422558266346,0.0271889777980127,-0.0730105808160135,-0.0401391830241343,-0.00669073332517714,-0.0829143986825594,0.0270892370114413,0.0137366112716391,1.07913121593361,0.00788143501747639,0.0167466856781135,-0.0191481701138284,0.0176149903139246,-0.0244179587561609,-0.0359122619122113,-0.00645405902686078,-0.0209597840957723,-0.0561471107427063,0.00868581016308042,0.0342635050186901,-0.00862849529468294,0.0224987395626903,0.00429009474706981,-0.0704980733763591,0.0192774785307729,-0.0139392234649697,-0.00349006254453628,-0.0498294123151424,-0.00221513835744087,0.0221612299669227,-0.0350803892833971,0.0733635430698381,-0.0033849732420878,-0.0209251923960907,-0.0423824446319658,-0.0200094239422884,-0.0053967934775324,-0.00216711518504907,-0.0253016284214762,-0.0728606354740819,-0.0267098877492219,0.00664035541924095,-0.0304520457861686,0.049845462022002,0.00981257213935459,0.0343836929313386,0.0647952664411966,-0.0495131978227932,0.00339491128294861,-0.00971706870691412,0.013547564124447,0.03378214963063,-0.00463392001894421,0.00203872539241852,-0.0116637027183491
0.0390387934471584,0.00735239744247337,-0.0361869222721016,0.0050738553262456,0.043069292642971,0.0437312201942252,-0.0307385831119146,0.0343268976846211,-0.000879944596475655,0.013646941318456,0.0310791992737984,0.0034343497807964,-0.0157358577615097,-0.0111162583197482,-0.0402224114997539,0.00891628261602392,-0.0124625017968189,0.00788143501747639,0.957776153734258,0.00871172721958194,0.0239007999247139,-0.0106153793383517,0.0125409082743696,0.0364211246855713,0.0127996815598779,0.0239374054451018,-0.00921376907275477,-0.0287004509491097,0.0715882418864918,0.0186940295079377,-0.0339410877959939,0.0475391248719038,0.0264771815659792,-0.00305629948258441,-0.0358123788057758,-0.0416966401400419,0.02632260079454,-0.0056078859525313,0.0519822528679682,-0.0174469716646509,-0.0232851215952621,0.0383888827871864,-0.0249182065742491,0.0142958586065109,0.0121281034485706,-0.0192330662881953,0.0186402915856648,0.0189554593572418,0.0167316977869247,0.00321244491592535,0.0200569361021788,-0.0113425082222544,-0.0129955891143369,0.0208731807495664,0.00949463548767897,-0.0190321099959995,-0.0109488385308864,0.0354577084881669,-0.0178194966225139,0.00195350958492356,0.0135057350626793,0.0473474976667,-0.0582561522812658,0.0212013075756214
0.000937371110102005,0.0107995670282047,-0.00467996930873891,0.00720782708152083,-0.0144447904004665,-0.0197726750248877,0.0114173574078354,0.00624615698937181,-0.0162165779533589,0.0129340546513757,-0.00361775739359038,-0.0287825620559148,-0.0526223035278642,-0.0226870347109271,0.0477542449375291,0.00837594038937913,0.0313503477090489,0.0167466856781135,0.00871172721958194,1.02829911780533,-0.00171431575148561,0.0243447415449258,-0.0324187940578321,0.0319217386566186,0.006643956775259,-0.050666868059814,0.0185382962994998,-0.0120933315135898,0.00897672485639663,0.0349618094355366,0.0428234909895644,0.0035460685210799,-0.0344669485131052,-0.0395213448845441,-0.00858720210352188,0.000783692138130558,-0.0162410864241907,0.0109832452471872,0.00204302937866742,-0.0139843709282479,-0.0399490642178922,0.0381524272512028,-0.0282203752815002,0.0254045856980902,0.0202774536166683,0.0736856689763174,0.0923922907173166,0.0116004189912723,0.0505934558430186,-0.0738259199954491,0.0177216150496466,-0.0638527040711238,0.0120552767380921,-0.0184246667050701,0.0253847815226671,0.062041022805895,0.00846828620463707,-0.000815528382003331,-0.0142687670019498,-0.0139237595784683,0.10213411077615,0.0138542521508365,-0.0454664496428261,0.0424122705448905
-0.019137791732368,-0.0275726857719158,0.0243029612858956,0.0330443022034683,-0.00132264475456195,0.000997635157858048,-0.00791486550845584,0.020120166823129,-0.0293043206631398,-0.023784119442688,0.03115039560167,0.00195505015787596,-0.00035540380870579,-0.0467147887729045,-0.0479827423201067,-0.0202857979740645,-0.0508623818167934,-0.0191481701138284,0.0239007999247139,-0.00171431575148561,1.07309048113601,0.0310701798390206,0.0126915535693034,-0.0229725208714163,0.000688121372484385,0.0052094987473791,-0.0492154991062234,-0.0520680590876455,-0.0364682410154932,0.00710278730970945,0.0174060754308079,0.00740533211279977,0.0355128630800501,0.0520102292023368,-0.0413394675722655,0.0455622991463738,0.0487156999013351,-0.00142316744595084,-0.0360117033140591,-0.0438491573862613,-0.0670998136093739,-0.0142354302400277,0.0402344556533765,0.0277189865830741,-0.0361012776471427,-0.0208123984585738,0.00465720451569683,-0.0505737939030807,-0.0102902337385249,-0.0447342800680191,0.0303369938570945,0.00495094561833433,-0.0100213612553882,-0.00367693660311183,0.0460155278095703,0.0115322672699967,-0.0343078075355735,-0.0595787819614504,-0.0333025813804085,-0.0838003250105165,-0.00318975675909515,0.00821622196641787,-0.0179552238440774,0.0459864632275593
-0.023192229192417,-0.0160977111704912,0.0260755560825527,-0.0054456601650824,0.0174454166857406,0.0612352224426186,0.0445126544581746,0.00436520236372941,-0.0249530767110612,-0.0112370973979152,-0.0246589474943497,0.051625824506243,-0.0122284899191044,0.00978743461655239,0.0349918033913598,-0.0384006333666118,0.0152870116095991,0.0176149903139246,-0.0106153793383517,0.0243447415449258,0.0310701798390206,1.00838667026467,-0.0242668399598567,0.0161279713251602,-0.0132300065773203,-0.04558509131123,0.000719226258885679,-0.0556599033143439,-0.0217686320183256,0.00555195951275173,0.0360426886070057,-0.0427833003856712,-0.0276089400754236,0.0329994425277332,-0.00549106454263007,0.0152692312685757,0.0160707680879256,-0.0196338520009351,0.0105974672900097,-0.0151870492346079,0.0214885913904237,0.00930090783025942,0.00878597154945144,0.0177918433982572,0.0111732082793662,-0.0233931778217013,-0.00162934567044356,0.00993183397200828,-0.0199689039578887,0.00694116516469011,-0.00789719805687317,-0.0118282328319066,0.0123807889173117,0.000535448374303906,0.00985123763106597,0.00951020012334371,0.0228798147890371,0.0295879749483305,-0.00755462420214837,0.000253753448379157,0.0121352896102023,-0.0016037362972467,0.0343946074731246,0.0212128112370387
-0.0237484949706899,0.0177413665950931,0.0244822548591983,0.0723247898392471,0.0361938438588935,-0.00422492705590084,0.0134037583409846,-0.0102351920353157,0.00357764736756276,-0.0193716616534791,0.0253982904772903,-0.0437408666686022,0.0637463956101085,0.0255880172743908,-0.0315782035277675,-0.0335533687276735,-0.00218353842525222,-0.0244179587561609,0.0125409082743696,-0.0324187940578321,0.0126915535693034,-0.0242668399598567,0.992625756913118,-0.000196665230798827,-0.0128933097149749,-0.00599086458928298,0.00598823409491359,0.0143140923060319,-0.0220394947712341,0.00702637291451155,-0.0324632372894487,-0.00150446764405251,-0.0363532550556047,-0.0390601721952144,0.0454706427394524,0.0516791862761918,0.0148846735914225,-0.00479585081999481,0.0149121974901937,-0.0220948016684835,-0.0136226524391518,-0.0428282467883205,-0.00205023963817598,-0.0429735583064928,-0.023595822180241,-0.0196011168700456,0.00768500051629977,0.0245045436189768,0.0307448232434486,-0.0243052297628584,-0.0152998832705078,0.0122250893739763,-0.0711473846377896,-0.0529959610127106,-0.019163931235523,-0.0362209381064212,-0.0258914058973572,0.0449721427530539,-0.00486700593715038,0.0398668716638576,-0.0265016525821858,-0.0138358784030605,0.00854322839648037,0.00273858789206988
0.0192387104477759,-0.0338422496804502,-0.00951063475971816,0.0353357486375832,-0.0173713907959221,0.00934796110422617,-0.00232099319938704,0.0209756272907308,-0.0331623127856008,0.0202939330675925,0.00725741465706557,0.0291596067286875,-0.0319917187526139,0.0310038661229271,0.0090081043386406,0.0144349949814412,0.00953799900008352,-0.0359122619122113,0.0364211246855713,0.0319217386566186,-0.0229725208714163,0.0161279713251602,-0.000196665230798827,0.955195831771789,0.0299464778236312,-0.0140599506605782,-0.0129339660330158,-0.0283601768056561,-0.0493271541446035,-0.0321361099313289,-0.0327894062093428,0.0152852875457036,-0.0465874513388519,-0.0304163988400305,0.0541151040066634,-0.0747979257222338,0.0363168605185044,0.0133123800735711,0.00164173265333733,-0.0232558266369631,-0.0816474136307548,0.0367387218927862,0.021094244697712,0.0301927945573663,0.00961990732909288,0.0192260406389808,-0.0242471692390068,-0.0252729353889981,-0.000574170205309687,-0.0129185759818393,-0.00106695751329167,0.0205566726130321,0.0209665386674285,0.00346323067474434,-0.0110922881394101,0.0315371027081616,-0.0605236919892235,0.0864318107842762,0.00646810614250778,-0.000776549684721512,-0.0154079048924437,-0.0236694395812683,0.00846042478482318,-0.00392760701148285
-0.0133635423639494,-0.030415003767051,-0.0163817853451996,-0.042332906013951,0.0457627136803157,0.0183389572262781,0.0117377890047404,-0.039024269409206,-0.0182561969770466,0.0528342054465678,-0.0128868085078532,-0.0351369970826781,-0.0501805931066821,0.0351588474258449,-0.0583591361894837,0.0824686820018952,-0.0328159981151883,-0.00645405902686078,0.0127996815598779,0.006643956775259,0.000688121372484385,-0.0132300065773203,-0.0128933097149749,0.0299464778236312,0.983840086750513,0.0343616725363951,0.0608224715847218,-0.0276561208230181,0.0182816664695736,0.0339765946285652,-0.0169577043951713,0.0590159197452197,-0.0113890429297744,-0.0431571678756232,-0.00514592595839241,0.0586887717565284,-0.0390482315818103,0.0660373096001854,0.0750047531692844,-0.0081966424976397,0.011517116182077,-0.00618780067551821,0.023270152230288,-0.0487260441567214,0.0132390994603129,0.0195434450650964,-0.0376144025623259,-0.0758325809131868,-0.00252909524246343,0.0174202666423935,-0.0400721357874112,-0.00329701121746616,-0.0291046736908888,0.0235133453463359,-0.00201216907971793,0.033793084822606,-0.0308363178004175,-0.0403597012635909,0.017097472821068,-0.0258897192980276,-0.0249223867146196,-0.0204045011331737,-0.011256656018867,-0.0407482537165655
0.00796654430184177,-0.025111770653926,-0.0044245819824824,-0.020170082623245,-0.0025576666898605,0.00877933731864365,-0.0632929085983389,-0.0280432328493231,0.0313623815597813,-0.00122055878392626,0.00013066954677993,-0.0152352882040131,-0.0025511378877621,0.0119484815862561,-0.0231759231069611,-0.00375260431237573,0.0191555063955823,-0.0209597840957723,0.0239374054451018,-0.050666868059814,0.0052094987473791,-0.04558509131123,-0.00599086458928298,-0.0140599506605782,0.0343616725363951,0.952679767975585,-0.0344429415375864,-0.00776557865626465,0.0755035019381112,-0.00872054220203677,-0.0114552440673219,0.0360576000939119,0.110168088368194,-0.00069531707835584,0.0179153444989226,0.0418759574345609,-0.0177640471324946,0.00142125426671055,-0.0221033752675314,-0.00560137213340687,-0.025239679558228,-0.00932768597053876,-0.000394412640251715,0.0745511273524973,-0.0223586283227882,-0.00696128406839392,0.00594451227568139,-0.002519146874174,0.043080323013778,0.0194712610649188,0.0194934953465327,-0.0143943272060542,-0.0267395160643986,0.0177088883403145,-0.0132174256219192,-0.00824481912286882,-0.0173877626087295,0.0207999905842359,0.0165455518816085,0.0553938318083893,-0.00545673543381041,-0.0304715029640214,0.00343931872658228,0.0148173627173927
0.0681617652824854,-0.0162628010309369,0.0197245134765705,-0.0165663067958858,0.0241655193944227,-0.0100805463778653,-0.0031772811803491,-0.0375298611888015,-0.00376624488172746,-0.0496561918952689,0.0299296326936095,-0.0217546801812096,-0.0348316443223506,-0.0609774545733542,-0.027652201913405,0.0553778861356046,-0.0234188024366808,-0.0561471107427063,-0.00921376907275477,0.0185382962994998,-0.0492154991062234,0.000719226258885679,0.00598823409491359,-0.0129339660330158,0.0608224715847218,-0.0344429415375864,1.00176727383726,0.0243662678557833,-0.0014322970122349,0.00535827427109243,0.019295533666135,0.0101693181944369,-0.0120461135989728,-0.00242172282142422,0.026018248579032,0.0126602970447632,-0.0141198135682253,-0.0496904633331147,0.00825044313638525,0.00247426402578859,-0.0367543608347254,0.0160598657763989,-0.0350489494969588,-0.0180194713058354,-0.0161920706545932,0.00111251993056569,-0.0450409337649537,0.0100616938698773,-0.0316985667159677,0.0520833526703014,-0.0507738712925935,0.06061895084561,-0.014595684683533,0.00193014440178647,-0.0395568938201179,0.00423646295774358,-0.0181488432660268,0.0153419674996176,-0.04218720898222,0.0390129279598715,0.0329140819703577,0.0928203601844858,0.00638732770670115,-0.00483309476825095
0.00446659840511545,-0.0327845763390711,-0.0227465941404739,-0.037379157969199,0.0231998459379485,-0.0122184687415234,0.0412141454719929,0.0246836226434193,0.0481403050882541,0.0125387386161094,0.00425454484404377,-0.0191221764179625,-0.0436132385887327,0.0358723287548951,0.0109685211179161,-0.0426275736576296,-0.0124304215239356,0.00868581016308042,-0.0287004509491097,-0.0120933315135898,-0.0520680590876455,-0.0556599033143439,0.0143140923060319,-0.0283601768056561,-0.0276561208230181,-0.00776557865626465,0.0243662678557833,0.989504709290812,0.0368018760537775,-0.0253448805842139,0.000805464044555181,0.000515471866393769,-0.08445670597494,0.0228740274009935,-0.00659409770856897,-0.00953207932443122,-0.0119187666648222,-0.018120581432475,0.00667635886210813,-0.0235510515937987,-0.0768007704666772,-0.00896230075957706,0.0128273563636038,-0.0543644471263916,-0.0120943901661241,-0.0765460055489855,-0.076183176660733,0.0245391073786871,-0.0397759573204065,-0.0178741703191659,0.023261482399524,-0.00427494777084043,0.0194246947665254,-0.00966325370300245,0.0449580200310231,-0.0308168920657842,0.00970066104924167,0.0127764983355771,0.0287087311502223,-0.000186168922364173,0.0148930987521305,-0.01838432619785,0.0245136620752345,-0.0412368251286036
-0.00899759772342937,-0.0262709919397195,0.0669602881670581,-0.0101911869709015,-0.0360221623716385,-0.0435468007870743,-0.00151433606539655,-0.0138083647704775,0.00395728674718329,0.0276013120117737,0.0450341844015726,-0.0726704650688863,-0.0242048295895121,-0.0281084700986292,0.0191563358848125,-0.0166985934612896,-0.00152517815161281,0.0342635050186901,0.0715882418864918,0.00897672485639663,-0.0364682410154932,-0.0217686320183256,-0.0220394947712341,-0.0493271541446035,0.0182816664695736,0.0755035019381112,-0.0014322970122349,0.0368018760537775,0.998093015038327,0.00765628451389294,-0.000791939387706938,-0.00562998111079141,0.0343365513892793,-0.0111120192694874,0.0273597856106302,0.00994390734535624,-0.0278508865637797,-0.0158387856080686,0.0665621304421727,-0.0127009242562138,-0.0414193307646264,0.0589520905622105,-0.000495635327201108,-0.0195866463070529,0.0112321701784512,-0.0192557346159558,0.011336313397654,-0.042118566379868,-0.0166108263139475,-0.000789734992899287,0.00630790656794291,-0.0253081917818037,0.0127784613722391,0.0135461115395329,-0.0575154703210864,0.0318701514636844,0.0382303386859583,0.0395169726129472,0.0199065825500099,0.0122055141668079,-0.0150737732747099,0.0254175346380319,0.000639432180674812,-0.00595380520979532
0.0908090977486355,-0.0360721210182046,0.0495706134234103,0.00286622272978029,-0.0115312075500884,-0.0200066058295933,-0.0151559482737606,0.0464194379934121,0.0436861655862986,0.0339977934901351,0.0387254150550494,0.0458933960479281,-0.0184796570743572,-0.00403851058054259,-0.0496238803083464,0.0565574337034549,0.0145202163202501,-0.00862849529468294,0.0186940295079377,0.0349618094355366,0.00710278730970945,0.00555195951275173,0.00702637291451155,-0.0321361099313289,0.0339765946285652,-0.00872054220203677,0.00535827427109243,-0.0253448805842139,0.00765628451389294,0.972391969074711,-0.0355630336315839,0.0497538639791172,-0.0241805352874905,-0.00851521926074321,-0.0123572096772003,0.0154183639227731,0.0196560180044419,0.0222140750772933,-0.0325438347790419,0.00385774803929794,0.0254930129087893,0.0122472691850727,-0.0263133745930128,0.00869686521409782,-0.0229766468963891,0.0121371486200273,-0.0226902275417455,-0.0394453115254033,0.0224356055006978,0.00312881057724097,0.024177685103324,-0.00472161373432103,0.00577245363449381,0.00766887094452366,-0.0356002234308134,0.0183007275205179,0.0143807109103828,0.00587314045137141,-0.0190571526063787,0.0119533823945034,0.00588126034438776,0.0682334528915052,-0.0566065047739536,-0.0351515330371337
-0.00367870684008661,0.0291400311825094,0.0368883107960867,-0.0287618341172171,-0.0135773114351447,-0.00343375136043426,-0.0508084694756617,-0.0384395118979364,-0.029060587276144,0.00432748575228627,0.00848440187066422,-0.0198489203166948,-0.019828809083232,0.0270730511356612,-0.0027821928578287,0.0383542896192564,-0.0178424807752051,0.0224987395626903,-0.0339410877959939,0.0428234909895644,0.0174060754308079,0.0360426886070057,-0.0324632372894487,-0.0327894062093428,-0.0169577043951713,-0.0114552440673219,0.019295533666135,0.000805464044555181,-0.000791939387706938,-0.0355630336315839,0.99606580884747,0.0161846970126378,-0.0422351822986918,0.0110745312379566,-0.0301026603800446,0.0585735156636715,-0.0516075551815421,-0.00146621559042866,-0.032569395429096,0.0126528351768079,0.0597819934100461,-0.06060250226701,0.00381498043963021,0.0446227779529588,-0.041349095402462,0.0381511874916592,-0.00805892007613489,0.00669439184127104,-0.0275008241919347,-0.0196315951296786,0.0271552021252706,-0.0273181180504516,-0.0418185140818526,0.0639606239615803,-0.00447449125253547,-0.00592036782546757,-0.0242441382583012,-0.0617384876836636,-0.00343085824027762,0.00522080049435707,0.0162242700133875,0.0385078547826761,0.0011019072368411,0.0405584847239496
