0.965346971596217,-0.0149408592231394,-0.0118174256189912,-0.0224957198210301,-0.0820626266782131,-0.00108829554884177,0.0130296782451059,-0.0660303762148378,-0.0211029480665769,0.0402895414259883,-0.00763338426834153,0.0414180415119804,-0.0038416390432744,-0.0155169796881646,-0.00127184206789348,-0.0104156017808854,-0.0050083964416593,-0.0421366915660528,0.0307360890318036,-0.00373818594297028,-0.0342600585971903,-0.0203696272753616,-0.00210794132261411,-3.10716372550878e-05,-0.0256936091703503,-0.00359159331306643,0.0437270083337212,0.004324576364339,-0.0194039818560446,0.0914635371399103,-0.00677350089704972,0.0229683579028261,0.0151057113977112,0.00949842237634575,0.016649774000822,-0.0122949261536134,0.0303742765022093,0.0199355444010389,0.0311986974911529,0.0132251096384489,-0.0472086373384104,0.0118053877903375,0.00146903382783635,0.0244909856588422,0.0160806619762352,0.0448357789970129,0.00936236373433217,0.027641359874079,0.0149079478586685,0.0292553704615445,-0.0204242262394298,0.0282569450103202,0.00306877462676903,-0.0386835252206882,-0.0900347423886477,0.0303492311493476,-0.012473780057154,-0.0146158891344521,0.0426342471715708,0.0363078637065318,0.02900300943583,-0.0138228824564088,-0.0117676551692777,0.00662146191381247
-0.0149408592231394,0.992598834345944,-0.0103514430089542,0.0145946693260836,0.0254000351226071,0.0199785638595093,-0.0335681142106262,-0.0370074619694736,-0.00336761113855412,0.00698673854191364,0.0254080324175923,0.0134074401187332,-0.00914934594636761,-0.0295258256097603,0.010574482686326,-0.0523331521546782,0.0589482596037814,0.0396506798446508,0.0124581031010445,0.0158668293030901,-0.00281973018917731,0.0163314769552924,0.0515583078351592,-0.0316564156268869,-0.021074760439531,-0.02527203881279,-0.0143601055293497,-0.0352804084678716,-0.000225129988293986,-0.0339054777848482,0.0327111839406089,0.00327325839159715,-0.0265891574309825,0.00283005953536985,0.00940672761071609,-0.0013911110653308,-0.00445334957496352,0.00311871924079031,0.0125359211288885,0.0540025754813024,0.045206565642008,0.0221098977954186,0.0305795605411435,-0.0573079851538097,0.00461369312766759,0.0149393594109913,0.0128897224100963,-0.00249981598227848,0.0436081925431155,0.033323107516794,-0.0580683888307657,-0.000479000206630713,-0.00727730385980429,0.019706201633062,0.0526655591020816,0.000317273912248612,-0.00300400224503922,-0.0481387657577633,-0.00982288283900468,-0.00482957098820689,0.047776792249569,0.0754519389240901,0.00423338051447842,0.0235416661946067
-0.0118174256189912,-0.0103514430089542,1.01513550691459,-0.0174200795981907,0.034784748682956,-0.0573624702664722,0.003640375207256,-0.0213954002072007,-0.0126268751125712,-0.00243615130129336,-0.0078364165786451,0.00528065667368206,0.0327308062611208,-0.0196494666010478,0.00742765207327732,0.025571001932223,-0.0277811759986665,-0.0707840490217868,-0.0442118961754299,0.0117162738661927,0.0326635568662218,0.0267171330521224,0.00596511292315881,-0.0520963657015735,-0.0348043488188559,0.000682497869512482,0.0188607705739035,-0.0146056008610205,0.0863968798565725,0.0182158842817776,0.0482406451061127,0.0277708199083268,0.0335652918762407,-0.000907447369994326,0.00159241671940192,-0.0187425992540473,-0.0488333489704273,0.0503792802290946,-0.0386144561982014,-0.0269723702594521,-0.0083969206964292,0.0259422300548937,-0.0118701672733231,-0.028177222295054,0.0234544411646121,-0.00390440508114526,-0.0233310742131646,0.0391447206132348,0.0413309910894184,0.0477125341618276,-0.0278503328392589,-0.0103967404021037,0.0084895744820829,-0.00173799033805662,-0.0434119357910594,-0.0203469789677058,0.0370139624102189,0.0292792307107339,-0.0122461847996956,0.0100987403715166,0.0101628816588938,0.0239948947372748,0.0163218052330486,0.0694451408364697
-0.0224957198210301,0.0145946693260836,-0.0174200795981907,0.958425923624186,0.010941143947741,-0.047648727433533,-0.0178869740930901,-0.000839811743554026,0.00458401127381455,0.0314525754482909,-0.0494697322291843,0.00245204731987543,0.0279606498122293,0.068563932952458,0.00582101426978773,-0.0368487659007282,0.0395477280555407,0.00492232968596242,0.0245214972206744,0.0118008111919551,0.0227290379589555,-0.0091481950055218,0.0493156621672944,0.0476604061500404,-0.0144220784790094,0.010370637570713,-0.0207904206305202,-0.0404635010607989,-0.0336610519196021,-0.025352539450749,-0.00848383798633344,-0.0317095991102979,0.0615266737529713,0.0214669539619505,-0.0287970861385957,-0.00046461148749353,-0.0415403244763073,-0.0139721078320257,0.00621450323737162,-0.0156544626759254,-0.023816310170918,0.00584345951105585,0.00516460053870368,7.98407940071182e-05,-0.0336623623468548,0.0374225224838611,0.0380452061122554,-0.0164036743113675,0.0380396602264756,0.00150017001035773,0.00395383452585355,-0.015733355325792,0.00953182185283842,-0.0079760117052875,0.0104954497969982,0.0289509766478411,0.0228749587330511,-0.0159029067323833,0.0434768774311342,-0.00661000569265408,0.0489841865007658,-0.000225626865292024,0.0180316842465384,-0.00998496202955935
-0.0820626266782131,0.0254000351226071,0.034784748682956,0.010941143947741,0.96109308406331,-0.0155680673161944,0.0562045106024155,-0.0112411548419523,0.054386098354276,0.00953757296175436,-0.0201097334410044,-0.0609431592810456,-0.0697969220835125,-0.0112023282521274,0.0425394356115621,0.0478331776082797,0.0221707115876041,0.0506556143816247,0.0393728747625248,-0.0250794912888567,0.00459200024597791,0.00984645075360594,0.0370928295505727,-0.00121364704937807,0.0264942466211333,0.00944047034724771,-0.00335499413234309,0.0169344157227641,-0.0261777177635285,-0.00257717190166166,0.011819912216396,0.00305125909918152,-0.0124255284802534,0.0361434573178682,-0.0441228776375638,0.0255017730508561,0.0482831284437001,-0.00615217340963075,0.0477185383784157,-0.040601595924938,0.030949079027068,-0.00795280719800882,0.0467775933879946,-0.00143009539809095,-0.0244547885932283,-0.0414077732213992,0.00763394149305782,-0.0635058418922207,0.00432505317087819,0.00640508219105119,-0.0464099834356116,0.00171267258804934,-0.0298750138953025,-0.00126322463623263,0.0270014503868092,0.0526290477616197,-0.0158737551847266,0.0602750975084822,0.0262575070903131,0.043541034803956,0.0224992444764964,-0.00313375334086493,0.0322911377408527,0.00850191603885772
-0.00108829554884177,0.0199785638595093,-0.0573624702664722,-0.047648727433533,-0.0155680673161944,1.02040502762589,-0.026258737933495,-0.104762897036992,0.0229754975726601,-0.0469678565811614,-0.0234566319796475,-0.0163528882212119,0.0446628317920702,0.0147673670100055,0.0410333230700102,0.017029359355417,0.0121463841202213,-0.0181637568898799,0.0166260331291247,-0.034643250954067,0.0015852712715486,0.063718983584462,-0.00434277940087173,0.00924480242994655,-0.00284667111476409,-0.0125618865611088,-0.0134012432459507,0.00222313564903605,-0.0317049846081672,-0.0355799267126228,0.00979952072526266,-0.0181831157812584,0.00321346141175815,-0.00884870045547752,-0.0267960742808119,-0.0776292210478116,0.0157902871391259,0.0780811091541646,0.0300619244394698,-0.0223597750230217,-0.0160685015607349,0.0609313859516855,0.011278091652033,0.108087370621549,-0.063509792472067,-0.00944203657452453,0.0358966948350463,0.028151460143685,-0.0440794041093723,0.0123811436403597,0.00881006516047512,0.0211753905628093,-0.0160522130281042,-0.00314804056252049,-0.0115114847574939,-0.00969102707009249,-0.0666751346057093,0.0154250652180682,0.0179002464256171,-0.0258152156180938,0.00504930065785807,0.0612166563846929,-0.0311668938916111,-0.00784179559803089
0.0130296782451059,-0.0335681142106262,0.003640375207256,-0.0178869740930901,0.0562045106024155,-0.026258737933495,0.963480067778622,-0.021210015699806,-0.0539969285855769,-0.0640561132001394,-0.0518945955692728,-0.0157588775657817,-0.0221047841593327,0.0138266123990863,0.0209133557263769,-0.0470166090909055,0.00120051082707256,-0.0345715636828065,-0.0129740406404372,0.00102182054043494,-0.0188948376743966,0.0485894676762965,-0.00533357518906111,-0.000602057964327194,0.00514137697738901,-0.0571507661189703,0.0325902823080747,0.0262652903826675,-0.00129004386342099,-0.0291588631902931,-0.047279349125445,0.0189530993354821,0.0437401794180388,0.04030329651374,-0.0240863958280319,-0.0730050727961914,0.00335571999455359,0.00392188157384627,-0.0336062453117277,-0.0149340509707931,-0.00884935385117264,0.00801102346548847,-0.0224827401035916,0.0246671195549514,0.0640901303534621,0.00771883577867126,0.0165607544267038,0.00618130022877693,-0.0304144142052772,-0.0558807536416733,-0.0133601843255386,0.013534831115661,0.030349645795023,0.0323422802633527,0.00535491109583862,-4.68733019394138e-05,0.00467370956540652,0.0402483718145659,-0.0210820448076703,-0.0307444225411671,0.0132678762895717,0.00511743451738532,-0.000935882060149315,0.00500696347039074
-0.0660303762148378,-0.0370074619694736,-0.0213954002072007,-0.000839811743554026,-0.0112411548419523,-0.104762897036992,-0.021210015699806,0.989207093051533,-0.0219496343202273,-0.0325516814357587,0.000383774141891429,-0.00962244324966772,0.00681982720287826,-0.0217847726645131,0.0157175355626271,0.00472657927306983,0.0498335486017381,-0.0327820691540458,0.0334383107134968,-0.0185141988844438,0.0160741436625108,0.0356231847742039,-0.0138020114758136,0.0384214474585828,-0.0335400049259713,-0.0162224942824842,-0.00985553415634678,0.0239860770076966,0.00630714204766583,0.0459129189248338,-0.0181326910960354,0.00515926998775813,-0.0584136326064017,0.00119056166981651,0.0309611182323278,-0.0236785755080983,-0.00725938170290747,-0.0216969413265019,-0.0498808061457694,0.0100254516379786,-0.0346273196048946,0.0149263599805335,0.0259000190298152,-0.022034918525089,-0.0108812036024912,0.0136427318821565,-0.00782353107897135,0.0244758706436322,0.0418516424198842,-0.0241717430775296,0.0290007848539266,-0.0533886559765529,-0.00915335275465926,-0.0477186611354956,0.0162077573887327,0.0444525460524419,0.021866468572966,0.0375298773087258,-0.00515697457168708,0.0268248528523616,0.0451982105923876,-0.00811521784914098,0.00877634174236691,-0.00169895425479963
-0.0211029480665769,-0.00336761113855412,-0.0126268751125712,0.00458401127381455,0.054386098354276,0.0229754975726601,-0.0539969285855769,-0.0219496343202273,0.938942877793391,-0.0177293648232908,0.0258738206509962,0.0374188879165862,-0.0303647677328758,0.0334897818041434,-0.0466633595527324,0.0502238568692195,0.0151158156907497,-0.00015755379256565,-0.00851096248591631,-0.0328764306716834,-0.0131791409279592,-0.0181440348352853,-0.000388944621766297,-0.022217406912469,-0.0168626930414302,0.0208196841182126,-0.00804107106596643,0.0420606737870236,-0.00966642103819583,0.0215513775700238,-0.0581466180133337,0.00457240268042424,0.0214542425809241,0.0305207170534532,0.00454600913203907,0.0180448469653026,0.00279973243402368,0.0202208606869748,-0.0126610576913811,0.0147041571730514,-0.0250061713486985,0.0187863935581754,0.0359633717876415,0.0149231912245913,-0.0183490839965311,-0.0123060432030091,0.00557099550203242,-0.0154274678572715,-0.0264441266619541,0.045828559309316,-0.0381302558182822,0.035799445408816,0.0501643152376335,-0.0272379126136361,0.0212683092675626,-0.0392058687385883,0.0286301653777676,0.028875646901104,0.087917429336941,-0.0286897685780734,-0.0342628566626051,0.0320588033297555,-0.0237298705004359,0.00627634488661132
0.0402895414259883,0.00698673854191364,-0.00243615130129336,0.0314525754482909,0.00953757296175436,-0.0469678565811614,-0.0640561132001394,-0.0325516814357587,-0.0177293648232908,0.943956853434037,-0.065572399953916,-0.034575788254007,-0.0350981590884783,0.0393169335196498,0.0135014041367323,0.0551108278628384,0.0146811957974182,0.0532564429732965,0.0264097338651217,0.0203564394117375,-0.0216614685841195,-8.91528788148684e-05,-0.0154801296274566,0.00276996690128154,0.0371634542627894,0.01155595309461,-0.0447581916379048,0.0236932416385311,0.0148967792144471,0.0503680744751056,0.019481068854873,0.0632884489440519,-0.052565410820268,-0.04355675119524,-0.00478860712221553,-0.0421463637165262,0.0274488096084919,-0.00466528106499453,0.0386308444556493,0.0255171936662426,0.0129552624612783,-0.0222355513123753,-0.0121658609541242,-0.0490319544079255,0.000827170202862647,0.0437013749490805,-0.0616133914795169,-0.0115563127658532,0.00838265843186032,0.00140428336019558,-0.0193144809200025,0.00296763969698764,-0.0368022703276113,-0.000908983460605743,-0.00730159415782031,0.0053724199794765,-0.0427511594785383,-0.0282084117407158,-0.0106095780387733,-0.024841519438661,-0.026030375829719,-0.013894354400234,0.00519991051101482,-0.000926963158897322
-0.00763338426834153,0.0254080324175923,-0.0078364165786451,-0.0494697322291843,-0.0201097334410044,-0.0234566319796475,-0.0518945955692728,0.000383774141891429,0.0258738206509962,-0.065572399953916,0.923554758496581,-0.0398077498407486,-1.48546316545185e-05,-0.0165386432228594,-0.0186764605187078,-0.0351312437436815,-0.0418500243255136,0.0153233885329405,0.0259732351109449,-0.0235161537754986,0.0423421495218265,-0.0260834206425817,0.0187186235430998,-0.00554406334824648,-0.0189033658935984,-0.00873389177224078,0.019467061421313,0.00252952370156995,0.0367681571298845,0.0437730019389506,-0.0211794209526389,0.0135759217649568,0.00152557523081108,0.0248076127939944,0.029009865281706,0.000846584491844845,-0.00261750914758729,-0.0229694045066533,-0.0467641192552058,0.0261433845715559,-0.0139792835334292,0.0149280222039672,0.021415693049097,0.0131799854221574,-0.0432150057517351,-0.0233190262276181,-0.0531723743381233,-0.0441837886800134,0.00108979049658967,-0.00421460833971733,-0.0143660918553511,0.00395590918401195,0.0508898468476532,-0.0177601590035536,-0.0259474544830382,0.00410738750740244,-0.0472301915240386,0.0279157644043069,-0.00968386272344444,0.0235429134616785,0.00696735645318308,0.0512661559690274,0.0040825745301183,0.00271921999003917
0.0414180415119804,0.0134074401187332,0.00528065667368206,0.00245204731987543,-0.0609431592810456,-0.0163528882212119,-0.0157588775657817,-0.00962244324966772,0.0374188879165862,-0.034575788254007,-0.0398077498407486,0.995306731519192,0.0201192952396258,0.0128642313468193,0.0157566136425021,0.0508572119840297,-0.024105440727764,-0.0772896141680213,-0.00313279682400302,-0.0263409224232543,0.0060423249342551,0.039978378498698,-0.0480777972570181,0.0112294915602391,-0.0198270467759328,0.00422402259924718,-0.0152995636661413,-0.0417690975488875,-0.0810873985431926,0.048703016582278,-0.0185176565020412,0.0334622138502113,0.0229468656928432,0.000761488192059949,0.0181608117153338,-0.000809927374774883,0.00900590355671831,-0.0869827798161593,-0.0109820837095072,-0.00833318110822999,0.0161510091069693,0.031656796974518,0.0341534065874946,0.00279936398854824,0.00893636699679257,-0.0439430937828745,0.0184452342626758,-0.0167876399936169,0.0499861333855648,0.0023556916893484,0.0273740042100271,-5.18527165272696e-05,0.000122548298182366,-0.0166936603932355,0.00305963329325043,-0.0680807347255105,-0.00404303935963085,0.0690519270007115,0.0480881092542374,-0.0313515844226687,-0.0193287137971738,-0.0178818302511145,0.0223483591464065,0.00428499014484273
-0.0038416390432744,-0.00914934594636761,0.0327308062611208,0.0279606498122293,-0.0697969220835125,0.0446628317920702,-0.0221047841593327,0.00681982720287826,-0.0303647677328758,-0.0350981590884783,-1.48546316545185e-05,0.0201192952396258,0.942004380802195,-0.0159115729438501,-0.0286921011623948,0.0273084393804788,-0.0341852669008922,-0.0408910832328312,-0.0142592880960368,-0.0560699979557776,0.00171083818939481,-0.0132748034219362,0.0661755519989582,-0.0401370436034735,-0.0366732514092443,-0.0123827020353184,-0.0390410059183768,-0.0360248606107263,-0.00480215536954163,-0.00716448342944194,-0.0131956627610245,0.0164549195470935,0.0545863211472355,-0.000195346240287261,-0.0367722422808538,-0.0714368954366072,-0.0146114458875526,0.0210277001008416,-0.0135438628033133,-0.0163328574551061,0.0403623397703557,0.00992562273380072,0.0447211747501575,-0.0421672356622412,-0.0208544611136395,0.00398852146293468,0.00330995142574948,-0.045007020062904,0.00221993680179649,0.00679719191821359,-0.037798723589193,0.0151314493032112,-0.0572512069569674,0.0173813965090868,-0.0216592335605673,-0.0212959404914276,0.0565599688024126,0.0469755345728937,0.00335455036741678,0.040200932508937,-0.069972198755023,-0.0213394354003103,0.00727099281584558,0.0389260200261043
-0.0155169796881646,-0.0295258256097603,-0.0196494666010478,0.068563932952458,-0.0112023282521274,0.0147673670100055,0.0138266123990863,-0.0217847726645131,0.0334897818041434,0.0393169335196498,-0.0165386432228594,0.0128642313468193,-0.0159115729438501,0.953937608702898,0.0625218772505895,0.0197186156238479,-0.0327071268445358,-0.0373945701138997,-0.000487077133867767,-0.029171316826037,-0.0074669133564161,-0.000207686893518841,0.0352380025483011,0.0284853893060476,0.0486527025404082,0.00488390701625358,-0.0350010408707337,0.0489850076448616,-0.0271504487232644,-0.00514591648864539,0.0263910116889828,0.00639189971607737,0.0445035637358446,0.000627732505655863,-0.00590006289284015,0.0162287571360999,0.0171823550021191,-0.0143875846888325,0.04964959037304,-0.00829826406597549,0.0623517757470703,-0.0506804475681808,0.0452684271718951,0.0442793350283725,0.0281234931405275,0.00970570302508276,0.00907358800871561,0.0443249663950218,-0.0390712001914986,-0.0102924753394378,0.0317960725784924,-0.0209723387207758,-0.0114772167947764,-0.00668715583109267,0.0846871317544819,0.00458139663709386,-0.00170190075131853,0.0248375646278094,0.0328434835682081,-0.0622423834126838,0.0183543777306826,-0.0254110347424187,-0.0543160601292683,-0.0180158421068555
-0.00127184206789348,0.010574482686326,0.00742765207327732,0.00582101426978773,0.0425394356115621,0.0410333230700102,0.0209133557263769,0.0157175355626271,-0.0466633595527324,0.0135014041367323,-0.0186764605187078,0.0157566136425021,-0.0286921011623948,0.0625218772505895,1.04053569468325,-0.00445066284163647,0.0265323022650893,-0.047837076837899,0.0111575308523622,0.0369823677278636,-0.0309119080768081,0.0245596719627292,-0.00254852502428578,0.0223999762377421,-0.0641064623051932,-0.0154969554752814,-0.0185272469036964,-0.00315032834714297,0.0155737875420165,-0.0481528980952816,0.0055794111020475,0.00349818310149742,0.0413044058173907,-0.0241760227580822,-0.010428672714232,-0.0620517452930957,0.0192397015982159,-0.00920914400540608,-0.027966953809871,0.00835987229611866,0.0278101530940017,-0.0124886749232025,0.00605500127582205,0.0186734620772948,0.0544825204726476,0.00871817534648298,0.0030186478514973,0.0462464032122512,-0.00733389800148349,-0.00778624174336613,0.0420423545033769,0.0321003825301082,-0.0052814608399615,-0.00607776520910717,0.0014999689814313,-0.0310268922752286,1.06219728585391e-05,0.0239809924071965,-0.0382439623007293,-0.0196325417603045,-0.0302764178667936,0.00199164783830375,0.0497919537609599,0.00808632714047728
-0.0104156017808854,-0.0523331521546782,0.025571001932223,-0.0368487659007282,0.0478331776082797,0.017029359355417,-0.0470166090909055,0.00472657927306983,0.0502238568692195,0.0551108278628384,-0.0351312437436815,0.0508572119840297,0.0273084393804788,0.0197186156238479,-0.00445066284163647,0.977549341995298,-0.0357458200340479,0.00264577620660987,0.00963567619706892,-0.0222214271735882,-0.0216588519668422,-0.021427959302244,-0.0431286269576486,-0.00295033017639469,0.059237242736465,-0.00660576855061782,0.0625878550866636,-0.0316386762003943,-0.0189137768905772,0.0489185766960707,0.0338113934684837,-0.00571567191576808,0.00220051538188922,-0.0473710182867351,-0.0134092434524741,-0.017110882378887,0.0296222526666412,-0.0127622381622246,-0.00910802395570344,0.00463414541237981,-0.021992403782043,-0.0146217987967131,-0.0275954341424573,0.0488887787963281,0.0736885708816359,-0.0429520466678644,0.0150566026436149,-0.0690602711299573,0.00556277099709362,0.0270437413985009,-0.0481299131917911,0.045111944489662,0.0207592413888423,-0.0091868279268005,0.00307089362033629,-0.0155357788858303,0.0369585737433947,-0.0510190167417436,-0.0723044820486243,0.0143034656056342,0.00462317055001448,0.0564115748412984,0.052731034115248,0.00746104460171435
-0.0050083964416593,0.0589482596037814,-0.0277811759986665,0.0395477280555407,0.0221707115876041,0.0121463841202213,0.00120051082707256,0.0498335486017381,0.0151158156907497,0.0146811957974182,-0.0418500243255136,-0.024105440727764,-0.0341852669008922,-0.0327071268445358,0.0265323022650893,-0.0357458200340479,1.00271190482036,-0.000556173445745942,0.0144866108292297,0.0161130594388838,-0.067570191673227,0.00123998631512311,-0.0170462564202732,0.000444960016616702,-0.0210389471809636,0.0232877909482384,-0.0437827851527405,-0.0284680305601601,-0.00546002451044791,0.0296941213607988,-0.031718859602076,0.00564203746860852,0.0643103971383796,0.0472826050355607,0.0254096224904605,-0.0381403493984614,-0.0491474017927621,-0.0752567576706501,-0.0144075769240188,-9.35943393529674e-05,0.0221599375366407,0.0571308494580569,0.066280515547791,0.00213343369418298,-0.0312325565288713,0.0621039530695967,0.00373200085063559,-0.00702395719577913,0.0259232660892849,-0.00439176906367699,-0.0101302791992009,-0.0536921939011387,-0.0203575320728163,0.034525561482439,0.000620725724734143,-0.0436392950365988,0.0104577496513251,-0.0143374668961735,0.00875492514471013,-0.00284003402146549,0.0246640476869422,0.0519339902638642,0.0401744086022016,0.0568520027990705
-0.0421366915660528,0.0396506798446508,-0.0707840490217868,0.00492232968596242,0.0506556143816247,-0.0181637568898799,-0.0345715636828065,-0.0327820691540458,-0.00015755379256565,0.0532564429732965,0.0153233885329405,-0.0772896141680213,-0.0408910832328312,-0.0373945701138997,-0.047837076837899,0.00264577620660987,-0.000556173445745942,1.09152360890123,0.00832674231671729,0.00137017007457023,-0.012224318384677,0.0334853904155135,-0.00833383107410395,-0.00981455397559108,-9.02687539764725e-05,-0.029033022093952,-0.0643875252383955,0.0405358636453101,0.0404940682402308,-0.0132956537641548,0.0139498440253802,0.0116718440442673,-0.0700309042002182,-0.000700844815943798,-0.0207694693064751,0.0238563201299662,-0.0493188472126249,0.0222584933505529,0.0372833757794297,-0.0147881235784261,0.0586421003773979,0.00429199433336812,-0.0286059746136836,-0.0591296079410783,0.00356707892555617,0.00466009461617578,-0.00267845377000962,-0.0113629936401268,-0.0606063361511123,-0.0465590257177808,-0.0029024013357968,-0.0390258374352618,0.0540680145643331,0.00848811891430208,0.0231583056223409,0.0817163806544514,-0.0424951662726936,-0.00422926164624925,-0.000623156508952529,-0.00551438144991204,0.0263118420922722,-0.003598114295494,0.036517214940603,-0.00143292743510872
0.0307360890318036,0.0124581031010445,-0.0442118961754299,0.0245214972206744,0.0393728747625248,0.0166260331291247,-0.0129740406404372,0.0334383107134968,-0.00851096248591631,0.0264097338651217,0.0259732351109449,-0.00313279682400302,-0.0142592880960368,-0.000487077133867767,0.0111575308523622,0.00963567619706892,0.0144866108292297,0.00832674231671729,0.903177460419965,-0.0135402409510174,0.0328333522478702,0.00110344738580707,0.0157502154446417,0.0493278438304847,-0.0229242311136492,0.0317828600599491,-0.0221893188422007,-0.0196360161909891,0.0738719795777035,0.0200034633819254,-0.0289097864346561,0.0380980944594326,0.0143490820719588,0.00163780616708915,-0.0186661167831514,-0.0391739536041858,0.00747668906425629,0.0144745715897005,0.0361419379500932,-0.0270062115650076,-0.0188188037629592,0.0416141223759082,-0.0234556305558084,0.0361500844901753,0.0271443854540672,-0.0096385434257124,-0.0050674853788252,0.0039387285344711,-0.00582147757212913,-0.000477405723163475,0.0334727702958746,0.0118455196690958,-0.014336860853894,0.0212662980459836,0.0144766816665292,-0.0155143918954046,0.00771737569905938,0.0250547145023788,-0.0160318088002029,0.0213159208334778,0.0250432500921655,0.0547770299088607,-0.0611525958519635,-0.00411185125291207
-0.00373818594297028,0.0158668293030901,0.0117162738661927,0.0118008111919551,-0.0250794912888567,-0.034643250954067,0.00102182054043494,-0.0185141988844438,-0.0328764306716834,0.0203564394117375,-0.0235161537754986,-0.0263409224232543,-0.0560699979557776,-0.029171316826037,0.0369823677278636,-0.0222214271735882,0.0161130594388838,0.00137017007457023,-0.0135402409510174,1.07257123786721,0.0286566284650389,0.0216049580938378,-0.0499622275148267,0.0243618488561543,0.000735244581348521,-0.052648434397513,0.00134513789110677,-0.0161197793074542,0.0246261644697729,0.0129568462581543,0.0362599619477453,0.00739084076231173,-0.0352049847362533,-0.034099874936958,-0.00441516800022211,0.0263127323008978,0.00443979527385789,0.0110503042591434,-0.0202855827804829,-0.0149325210692521,-0.0668258614336645,0.0307635049977573,-0.0406657308479831,0.00648561576104072,0.0187403975529152,0.0741845684011283,0.0763853881021308,0.0178461326808532,0.0384192197531228,-0.0753561565363812,0.0120418601058154,-0.0762998637878087,0.00609634540465472,-0.00592760294834461,0.0386534933130093,0.0645651668299066,-0.0211674296619024,-0.0243690289138265,-0.0255930512169371,-0.0286754230713733,0.0906641866216107,0.0409681060252538,-0.054517098011228,0.0631502676117812
-0.0342600585971903,-0.00281973018917731,0.0326635568662218,0.0227290379589555,0.00459200024597791,0.0015852712715486,-0.0188948376743966,0.0160741436625108,-0.0131791409279592,-0.0216614685841195,0.0423421495218265,0.0060423249342551,0.00171083818939481,-0.0074669133564161,-0.0309119080768081,-0.0216588519668422,-0.067570191673227,-0.012224318384677,0.0328333522478702,0.0286566284650389,1.05413755927043,0.0228905286870142,-0.000713104489104451,-0.0266253124353266,-0.00244319586467495,-0.0030348362362462,-0.0579842927429421,-0.0520224663936827,-0.0288576906306942,-0.00617695977710932,0.0297631383216938,0.0217931337943492,0.0293986850218994,0.0289430839310712,-0.0441793069751248,0.0510048033480233,0.0290383436823299,-0.0255705455787182,-0.016083016008003,-0.0226858483668573,-0.0501022999527604,0.0123789514637559,0.0478551833080794,0.0387068769972874,0.00462633212492308,-0.0350735462501756,-0.00548251505039556,-0.0726047312976117,-0.00937975640974378,-0.0452205274183266,0.0405681981262239,0.00514557542119656,-0.00529082191317092,-0.0151020912077723,0.0578118639352603,-0.00487255799137114,-0.0455078248965715,-0.0209342811292195,-0.024855461335776,-0.0628177708912879,0.0116148581085827,-0.00852130676203386,-0.0219510757974818,0.0460125832411347
-0.0203696272753616,0.0163314769552924,0.0267171330521224,-0.0091481950055218,0.00984645075360594,0.063718983584462,0.0485894676762965,0.0356231847742039,-0.0181440348352853,-8.91528788148684e-05,-0.0260834206425817,0.039978378498698,-0.0132748034219362,-0.000207686893518841,0.0245596719627292,-0.021427959302244,0.00123998631512311,0.0334853904155135,0.00110344738580707,0.0216049580938378,0.0228905286870142,1.01718436386996,-0.0142415960090636,0.0326130464272339,0.0176630189233389,-0.0385189543659442,0.0223092053115229,-0.0233671916761115,-0.00324691918150392,-0.00111278111231919,0.0211233268056594,-0.0499016733361289,-0.0611278360495022,0.0291701446780785,0.0284140164610068,0.010947491944213,-0.00107471031453092,-0.00773089427616654,0.00274985456322617,-0.0417435920737945,0.0175103021276073,-0.0169194016579431,-0.0115262364745738,-0.00582159291861135,0.0095049479244709,-0.070180766718755,0.00207289222505833,0.0118239322322031,0.0109622475039998,0.00874009201618887,0.0049249086481788,-0.0269808049624098,0.00802983114285163,0.000255698543513407,0.00853612914997794,-0.0158505146190769,0.0202653926086685,0.0260547795233793,0.0158245795589321,0.00845738023886101,0.0128115036583741,-0.0194994286327881,0.0527414798345017,0.0165160479286205
-0.00210794132261411,0.0515583078351592,0.00596511292315881,0.0493156621672944,0.0370928295505727,-0.00434277940087173,-0.00533357518906111,-0.0138020114758136,-0.000388944621766297,-0.0154801296274566,0.0187186235430998,-0.0480777972570181,0.0661755519989582,0.0352380025483011,-0.00254852502428578,-0.0431286269576486,-0.0170462564202732,-0.00833383107410395,0.0157502154446417,-0.0499622275148267,-0.000713104489104451,-0.0142415960090636,1.00666249500777,0.00519092878274483,-0.00835662316549942,-0.0413865511084973,-0.0154050833623991,-0.00622812593258172,-0.0445479271489381,-0.0121773012421534,-0.0346765886070167,0.00354698569557186,-0.0376902915387651,-0.0049018158597676,0.0477694102208298,0.0450915861566515,0.035825376182545,0.00646084329070592,0.0157619720044513,-0.0179617659816277,0.00222107354189659,-0.0530394350239806,0.028667497100422,-0.0106532043117763,-0.00288484095538102,-0.0282106376800754,0.0115929370447717,0.0253060333556019,0.0413534160674336,-0.0455385064832178,-0.0121905505999746,0.0185305043902047,-0.0488131144429404,-0.0403688539429408,-0.0154118988464581,-0.0291263053645553,0.00024341576830969,0.0491495283937392,0.0125425382194252,0.00520600894889628,-0.00730805472263395,-0.0269628901908458,0.0244948736524069,0.00763323157975208
-3.10716372550878e-05,-0.0316564156268869,-0.0520963657015735,0.0476604061500404,-0.00121364704937807,0.00924480242994655,-0.000602057964327194,0.0384214474585828,-0.022217406912469,0.00276996690128154,-0.00554406334824648,0.0112294915602391,-0.0401370436034735,0.0284853893060476,0.0223999762377421,-0.00295033017639469,0.000444960016616702,-0.00981455397559108,0.0493278438304847,0.0243618488561543,-0.0266253124353266,0.0326130464272339,0.00519092878274483,0.946639975659012,0.0310735827475891,-0.00851527353788262,-0.000312772244406864,-0.000513895060450493,-0.037551815809938,-0.0371045477768493,-0.0185261569452848,0.0171876259632345,-0.04787622529292,-0.0199674182761254,0.0382864341063649,-0.0571671504287911,0.0506662527092043,0.0100462175037731,-0.0153278075942264,-0.0347581620642009,-0.0799133990664768,0.045217647970658,0.0080074358881038,0.0156210925859809,0.0065568783552779,0.0113169050782884,-0.00460630273856852,-0.025230421778403,0.0183968658497342,-0.0240174358444224,-0.003773108829867,0.0219168628599021,0.0302541451136679,0.0104183073935792,-0.0117653553443694,0.0324388035139118,-0.0489918562172732,0.0600488392280722,-0.00691179960913764,-0.0167807075053352,-0.00999300812826806,-0.0508732340611747,0.0166743205621063,0.0105657391480279
-0.0256936091703503,-0.021074760439531,-0.0348043488188559,-0.0144220784790094,0.0264942466211333,-0.00284667111476409,0.00514137697738901,-0.0335400049259713,-0.0168626930414302,0.0371634542627894,-0.0189033658935984,-0.0198270467759328,-0.0366732514092443,0.0486527025404082,-0.0641064623051932,0.059237242736465,-0.0210389471809636,-9.02687539764725e-05,-0.0229242311136492,0.000735244581348521,-0.00244319586467495,0.0176630189233389,-0.00835662316549942,0.0310735827475891,0.981813682462086,0.00917786970589763,0.0375887380027436,-0.00443260771476561,-0.00578723702155356,0.00456196426303733,-0.00403635408680745,0.051705055674708,-0.000902428263897406,-0.0202114386931027,-0.00450651898089127,0.0866158161908604,-0.0693188837702103,0.0360768403549962,0.0755589519161229,-0.00227743020239731,0.0131003715308322,-0.00127802388957993,0.0186425244153286,-0.0260320576225565,-0.00101980813810131,-0.00834853281618243,-0.027199929647858,-0.0827270440043671,0.00235272791003333,0.00463459792833608,-0.0419398524185633,-0.00171167842834451,-0.0343079095538547,0.00155676471192754,-0.0237068500428158,0.0449351297813604,-0.0117575810165831,-0.0492443662295508,0.0333438261161505,-0.0252596869436781,-0.0262610219600546,-0.0226270604724786,-0.0109456265102199,-0.0350593553793055
-0.00359159331306643,-0.02527203881279,0.000682497869512482,0.010370637570713,0.00944047034724771,-0.0125618865611088,-0.0571507661189703,-0.0162224942824842,0.0208196841182126,0.01155595309461,-0.00873389177224078,0.00422402259924718,-0.0123827020353184,0.00488390701625358,-0.0154969554752814,-0.00660576855061782,0.0232877909482384,-0.029033022093952,0.0317828600599491,-0.052648434397513,-0.0030348362362462,-0.0385189543659442,-0.0413865511084973,-0.00851527353788262,0.00917786970589763,0.913262949372115,-0.0273280542517669,-0.0051693797911356,0.0541167185462904,0.0173136161900915,0.0127324537399248,0.0269508620501863,0.0929784876503266,0.00497014254264812,0.00898754628509971,0.028184254767526,-0.044855581715201,0.0141971610797766,-0.0056390842234826,-0.017608382652207,-0.0132835144152744,-0.000356402685798019,0.00742142437268715,0.0410912659315791,-0.027572474840102,-0.0110980397701087,0.0374596304394483,-0.0264229391455145,0.0512419549531784,0.0382334118444937,0.0320738144236514,-0.00184499400878511,-0.0176027667247033,0.0241050892364485,-0.0134580214444441,-0.000575294223021531,-0.0298483372684838,-0.016761761282275,0.0176947710138201,0.0571981409758404,-0.00214903595932796,-0.0146427346171896,0.000833576782201216,-0.00743925207327838
0.0437270083337212,-0.0143601055293497,0.0188607705739035,-0.0207904206305202,-0.00335499413234309,-0.0134012432459507,0.0325902823080747,-0.00985553415634678,-0.00804107106596643,-0.0447581916379048,0.019467061421313,-0.0152995636661413,-0.0390410059183768,-0.0350010408707337,-0.0185272469036964,0.0625878550866636,-0.0437827851527405,-0.0643875252383955,-0.0221893188422007,0.00134513789110677,-0.0579842927429421,0.0223092053115229,-0.0154050833623991,-0.000312772244406864,0.0375887380027436,-0.0273280542517669,1.00842096353382,0.0164841221284035,0.000718331687186632,0.0115127114846243,0.0166615489913494,0.00168545297341401,0.0134748186524395,0.00416948501557348,0.0262217507258283,-0.0169222473931276,0.00612143148728437,-0.0409583894146434,0.0194143404093857,-0.0147828324479344,-0.028467304251814,0.0281178186379451,-0.0553287684635276,-0.0271987622706883,0.000822232066705637,0.00421563784119259,-0.0337544730452754,0.015936665718817,-0.0271827553225142,0.066915112023041,-0.0627172354057757,0.0475508098989738,-0.013389841797881,0.00426434386587124,-0.0492938679007299,0.0156931866753929,-0.0140518213749073,0.0240298001519311,-0.0233933580273873,0.0465657207990568,0.0291641518084662,0.109473106480999,-0.0163920032637669,0.00854336978631638
0.004324576364339,-0.0352804084678716,-0.0146056008610205,-0.0404635010607989,0.0169344157227641,0.00222313564903605,0.0262652903826675,0.0239860770076966,0.0420606737870236,0.0236932416385311,0.00252952370156995,-0.0417690975488875,-0.0360248606107263,0.0489850076448616,-0.00315032834714297,-0.0316386762003943,-0.0284680305601601,0.0405358636453101,-0.0196360161909891,-0.0161197793074542,-0.0520224663936827,-0.0233671916761115,-0.00622812593258172,-0.000513895060450493,-0.00443260771476561,-0.0051693797911356,0.0164841221284035,1.01224788672364,0.05900111808219,-0.0159962507868188,-0.00676576575129117,0.00111814469669758,-0.0877806641689474,0.0178965770200215,0.00616826767967337,-0.0218089530020609,0.0210488609084552,-0.0240107769830151,0.0157655111004017,-0.0591104001894414,-0.0723300200784834,0.00957581746833414,-0.0103739221659438,-0.0360501430918449,-0.0409453735597552,-0.0835671477830541,-0.10441332691065,0.0202198518880278,-0.0683157052965762,-0.00922948267953641,-0.0150665701868356,-0.0155412062632348,0.0308774215950546,-0.0599999099440236,0.0483326663112944,-0.0156632436728101,0.00586079916581137,0.01386720501775,0.034640048606098,-0.0146612833726217,0.00745673718950154,-0.0295437717345075,0.0240055493269438,-0.0155082138086074
-0.0194039818560446,-0.000225129988293986,0.0863968798565725,-0.0336610519196021,-0.0261777177635285,-0.0317049846081672,-0.00129004386342099,0.00630714204766583,-0.00966642103819583,0.0148967792144471,0.0367681571298845,-0.0810873985431926,-0.00480215536954163,-0.0271504487232644,0.0155737875420165,-0.0189137768905772,-0.00546002451044791,0.0404940682402308,0.0738719795777035,0.0246261644697729,-0.0288576906306942,-0.00324691918150392,-0.0445479271489381,-0.037551815809938,-0.00578723702155356,0.0541167185462904,0.000718331687186632,0.05900111808219,0.977275247184066,-0.00589137768386944,0.00160516987618707,0.0149536176027943,0.0209437770699377,-0.0138293428490414,0.0107736311974064,0.00827917116634599,-0.0201404006920088,-0.0277776942550419,0.0592440978136198,-0.0273662331650758,-0.0195412611107125,0.0669269906848969,-0.00416907703270265,-0.027662999968604,-0.0107298705447419,0.0118550874335921,0.0134867914569322,-0.00601407881069807,0.00454186912129737,0.0177004128794512,-0.00380827263590468,-0.0140443762319214,0.0243460898116315,-0.00290890338595005,-0.0130524336254894,0.0517089916658957,0.00595626626748009,0.0412809225370392,0.0269607462350389,-0.0142791279797109,0.0252663045387368,0.00399468059502714,0.0140623044734663,-0.0163408572557128
0.0914635371399103,-0.0339054777848482,0.0182158842817776,-0.025352539450749,-0.00257717190166166,-0.0355799267126228,-0.0291588631902931,0.0459129189248338,0.0215513775700238,0.0503680744751056,0.0437730019389506,0.048703016582278,-0.00716448342944194,-0.00514591648864539,-0.0481528980952816,0.0489185766960707,0.0296941213607988,-0.0132956537641548,0.0200034633819254,0.0129568462581543,-0.00617695977710932,-0.00111278111231919,-0.0121773012421534,-0.0371045477768493,0.00456196426303733,0.0173136161900915,0.0115127114846243,-0.0159962507868188,-0.00589137768386944,0.987436447435799,-0.027463176419266,0.0418280768919785,-0.0498994385140604,0.00361153170519312,0.0232176751672567,-0.0044198659692835,0.0302360387071459,0.0043642641910615,-0.022777776260292,0.0311147739298513,0.0255685907674332,0.0313078829445324,-0.0160353336113803,-0.0268489660362875,-0.0079956734729993,0.0328578597233424,-0.0318453207636602,-0.0151478632094688,0.00992461586105871,0.0136537216633816,0.0131387812723766,0.0031582050023532,0.0196756271520373,0.00644352983495879,-0.0400777666199206,0.0132233291289833,-0.00449823795579112,0.0306331701638638,-0.0119512997468112,0.000334508563310625,0.0133580686169976,0.0257848909025655,-0.0462172369728124,-0.0380637641799974
-0.00677350089704972,0.0327111839406089,0.0482406451061127,-0.00848383798633344,0.011819912216396,0.00979952072526266,-0.047279349125445,-0.0181326910960354,-0.0581466180133337,0.019481068854873,-0.0211794209526389,-0.0185176565020412,-0.0131956627610245,0.0263910116889828,0.0055794111020475,0.0338113934684837,-0.031718859602076,0.0139498440253802,-0.0289097864346561,0.0362599619477453,0.0297631383216938,0.0211233268056594,-0.0346765886070167,-0.0185261569452848,-0.00403635408680745,0.0127324537399248,0.0166615489913494,-0.00676576575129117,0.00160516987618707,-0.027463176419266,1.00104916323157,0.0234753861298708,-0.0298339161369681,0.014311648012176,-0.0267232540864227,0.0269339636743755,-0.0334598347718737,-0.0279358628102763,0.00529790413280931,-0.000494756641296962,0.0405946780935669,-0.0482298708455011,-0.00957760335368044,0.0298342746599418,-0.0313068131550542,0.0530359791523782,-0.0100384063138861,0.0111215774820503,-0.0291826434830387,-0.00071963781139989,-0.0196595988418107,-0.0209233901368169,-0.0592909618798468,0.0500064522157779,0.00422569548133702,0.0169283470538858,-0.0130230905170875,-0.0468181451497409,-0.0174393788408319,0.0104965090749285,0.014084734371519,0.0426553509174858,0.0179645828007531,0.041599050294412
