0.659382180812236,0.0743462618006177,-0.0617578038916704,-0.0854526163462998,0.373295879903594,-0.113294996930117,-0.157131289880883,0.0401021660863932
0.0743462618006177,0.46338781230549,0.0189448875073309,0.0732046943197667,-0.0309695565959949,0.0816935533804232,0.0509080038043653,-0.113321266891548
-0.0617578038916704,0.0189448875073309,0.308948754254607,-0.0104551960436817,-0.0887188813866586,0.0951323531994658,-0.227454245137728,-0.0240495077293016
-0.0854526163462998,0.0732046943197667,-0.0104551960436817,0.612232847626645,-0.169384214369883,-0.298198405018765,0.109220015082586,0.189751504998482
0.373295879903594,-0.0309695565959949,-0.0887188813866586,-0.169384214369883,0.684885152454845,-0.054415931647785,0.114277143459839,0.285574808823437
-0.113294996930117,0.0816935533804232,0.0951323531994658,-0.298198405018765,-0.054415931647785,1.36290698114782,0.28014485935821,-0.381335721080182
-0.157131289880883,0.0509080038043653,-0.227454245137728,0.109220015082586,0.114277143459839,0.28014485935821,0.86333048487953,0.047608381204704
0.0401021660863932,-0.113321266891548,-0.0240495077293016,0.189751504998482,0.285574808823437,-0.381335721080182,0.047608381204704,0.663377728806725
