1.01547605551837,0.0202072434363147,0.0556790992790349,0.0419391894515618,-0.0136225856475295,0.033558015138357,-0.0383903809600601,-0.0772619844570314,-0.019556919937352,-0.0246547828461646,-0.00419077843293188,-0.018246808209689,0.0137849253645679,-0.0184995513993982,0.005782213013275,-0.0246653655814456,0.0195142920634997,-0.00472126721216601,-0.0244300839459934,-0.044975396543806,0.00126173677973366,-0.0250965542376508,0.0116046825516851,-0.0113369002965073,0.0470954053248233,0.00106254708806286,0.00775682226518789,-0.0347336077008609,-0.0234883335252382,0.0220045944746252,-0.0462035123760713,-0.0140788845174632,-0.0285254438680872,-0.0365957735052035,0.0197315596313036,0.0411287850721947,-0.00947374204901826,0.0278963909450518,-0.0107729305852646,0.00237481205959605,-0.0364280933209454,0.0217923100685261,-0.0124053048331782,0.0427152752827952,-0.0375087419539022,0.054210471555207,0.0544877596982307,0.0611787884581562,0.0503792207463174,0.00825535994778186,0.0108103319339521,0.0113958356058265,-0.0290793304312467,-0.0136220904580346,0.0171655838748489,-0.0116433137989248,0.0165668975563072,0.0197623730082179,0.0101000525681173,-0.0686002603953168,-0.0499102802681248,0.0503121082193951,0.0207714061083023,0.0257859514557573
0.0202072434363147,1.00359010906435,0.0337774447475336,-0.0163159657313232,-0.0652598995416817,-0.013776081126159,-0.00192788431572657,0.0516678402628684,0.0501241040810546,-0.0231192136311259,-0.0186618935899908,0.0466473045615357,0.0223514502510823,0.0168959900399708,-0.00852203312537037,0.0388903668884878,0.0238901266426353,-0.0308507816642477,-0.03722477128921,-0.0227847030252737,-0.0198528112095452,-0.0237782155076657,0.0578223560385407,0.00855838806318403,0.040995840033108,-0.0537464062689384,-0.0148069711160556,-0.0534294021905445,0.0484677611951615,0.0349806648429423,-0.0425673897714558,-0.00976302348379864,-0.00855122422233404,-0.0119121992855793,-0.0530719046448882,-0.0295757627666176,0.0291186109521624,-0.0655217386288822,0.0411993354231737,0.00731048338163734,-0.00189935234170202,0.0175828146495011,-0.0436586497754098,-0.0125772566902691,-0.00921209024485531,-0.0101835765293585,-0.0337721190307342,-0.0255980360565413,-0.0273430191824327,-0.0214972301324992,-0.00447683789178182,0.020158077610462,-0.0365187111980611,-0.00119198012492789,0.00259978857782779,0.0505706275426235,0.00158880364024315,-0.0183517598982131,0.0123922634052525,0.0277933671598841,0.0595730737559472,-0.00382749902159696,0.0182536434644334,0.0307758099594987
0.0556790992790349,0.0337774447475336,1.02396739402868,-0.0207704087091938,-0.0313362902131463,-0.0137026810662131,0.0408567066070033,0.00859768849366327,0.0153214791309187,0.0722614493676663,-0.0801013266754083,-0.00700493907471494,-0.0254679455031112,-0.000375293857360112,0.0100900120492654,0.0109395214249313,-0.0266717177348155,-0.0213404215184802,0.0237548814982613,-0.0508243045415922,0.00939719829646599,-0.049767180730142,-0.0416774539359012,-0.00848182688944869,-0.0318584787335281,-0.0390953678407833,-0.019048710472701,0.0414649401185821,0.0455157390720381,-0.041859457787206,0.0176762813466296,0.00801158740810857,-0.0181284558936592,-0.0321012842790304,0.0526910187687305,0.0357248916066863,0.0198989395730002,-0.0418136515749239,0.0569109964595771,-0.0154863724817442,-0.0131121316523898,0.0185150684721107,-0.030073292466591,-0.0346293657725533,0.0460427255499835,0.0356540514776057,-0.0299150015491689,0.016380250009111,0.019019595641915,0.0319971803712607,-0.0149818370136112,-0.00272545954053257,-0.0326629470938521,0.0136520330749916,-0.0199154937227905,0.012886412064492,-0.0121469525271717,-0.0331078958789894,-0.0138085766431583,0.0494869228547047,-0.00928916002688123,0.0177270712770491,0.0182857790033051,0.0200482646220084
0.0419391894515618,-0.0163159657313232,-0.0207704087091938,1.04589544885822,-0.0424666971181405,-0.0246421813098532,0.0988505940091161,0.0269809179028679,-0.0119800626090915,-0.0338656678618558,0.0376089291842981,0.0148386403693245,0.0715922260704943,0.0503398378731574,0.0460300919110798,-0.0572497514183512,-0.0347945830222699,0.0269274106728378,-0.0132810103637763,0.0296139722647326,-0.0193457116237333,0.00878205546873326,-0.0497635425953932,-0.0181465917530583,0.0742127575522969,0.0279981949632947,-0.0078471009976433,-0.00748293285311753,0.00801764572605279,0.00522427123898554,-0.0395148563662033,0.0298606949225064,0.00196139748470748,0.0300839445422242,-0.0320360488430378,-0.0451340602531162,-0.00934595026143639,0.0151907402721528,-0.00450823556506143,-0.0202915546667461,-0.037962199575124,-0.00860703188787827,-0.0197976102722305,0.0200698641845991,-0.0215603996642995,0.0395278856327781,0.0359798540481167,0.000672711393458348,0.0357668963388289,-0.00624106860218014,0.00719325604200034,-0.0299028107492496,-0.0126104108511938,-0.0158904944207251,-0.0016595980840242,0.012513724574872,0.00933111557792764,0.00161869034587411,0.047712104228066,0.0206356780657539,-0.0336299125391492,0.011506599364396,-0.0184141644536129,-0.0282053319442646
-0.0136225856475295,-0.0652598995416817,-0.0313362902131463,-0.0424666971181405,1.03942959925168,-0.0283290113428232,-0.0310120017179157,0.0221796115556548,-0.0278296399212882,-0.0152280220654538,0.00983367352794061,-0.00982830769897508,0.0367611207042378,-0.0126851292091779,0.0315124491243257,-0.0138043498120831,0.0350009695393475,-0.0228008933940045,0.0148443790009777,-0.0199029359695709,0.0189301897062058,-0.0384926135266288,0.0344066352569144,-0.0132221810742533,-0.0755252271588452,0.00442694082269657,0.0408389294948251,0.0200184767641203,-0.0277914556643334,0.0056443279557715,0.0276620603511854,-0.0215871753041918,0.0157699572145381,0.00190516718526668,0.0135243469523541,0.0228495508513553,-0.0485881619355816,0.00216458427756061,-0.0334611575626473,-0.00490113259266787,0.0538972815110198,0.00596897782636047,-0.030106601127887,-0.0428631897877686,0.0326176773539657,0.0109813734556868,-0.00988217275855817,-0.0396339807698701,-0.0157436700307257,-0.0161176238121283,-0.0416445584172947,-0.0617888145881763,0.0103633121166713,-0.0708140303919281,0.0246409764114083,-0.0191191499277351,0.00280829545576923,-0.0132660122210998,0.0011472815455955,0.0307669491390214,-0.0239061618317644,-0.0429634061207211,0.00722540658844844,0.00367497596277901
0.033558015138357,-0.013776081126159,-0.0137026810662131,-0.0246421813098532,-0.0283290113428232,0.999623827717659,-0.0560199736535518,0.0174498119993338,0.0224253103721283,0.0107632807424746,0.0197760525738141,0.00751153462175288,-0.109919073003143,0.0182887037422317,0.0300336645493707,-0.0649757251965542,0.0281139216523634,-0.014823131415064,0.0300504882995834,-0.0326473484616333,0.0134829602058655,-0.0188345388910202,0.0051547369868491,-0.00852820092429531,-0.00567374059667296,-0.0210623512877296,0.0479264255055869,0.0294874308489249,0.0302695168914205,0.0238953853013884,-0.0100266694191113,0.0386856909201452,-0.0129181712569944,-0.0225091043564489,0.0257363598858222,-0.0652852916510598,0.0369990684970213,0.0183318409073998,-0.0238568147988915,-0.0131145631237355,0.0502982379629633,-0.0473211550815697,0.0435637505912475,-0.00711476358147728,0.0202658381394808,0.0297827779694136,-0.0424562335310687,0.0356053124910554,0.026322290054522,-0.0205277028732122,0.0153940649569173,-0.00947925464679479,0.00695567747266648,0.0201619008350091,-0.0372903208887445,0.00981059651024859,0.0115527656605802,-0.0209762723910064,-0.0346674412859507,0.0195153644087636,0.0456056722561302,0.0151579150176664,-0.0354160236985559,0.0283699439776819
-0.0383903809600601,-0.00192788431572657,0.0408567066070033,0.0988505940091161,-0.0310120017179157,-0.0560199736535518,0.995586826352252,0.0378808369066643,-0.0405485011790668,0.0273045387116447,-0.0494288118792749,-0.034608005696557,0.015613437016784,-0.00546373107247524,-0.0200813875998181,0.0220564944788099,-0.0373381575158164,0.0444526668666339,-0.014461804305172,0.0315695449276206,0.00586323327977876,0.0190114490112231,-0.0172918511317792,0.0156286412850386,0.030186941619236,-0.0425880481041264,-0.0199101763772897,0.0269047920582757,0.00504525294964171,0.0218734824194223,-0.0092484674021821,0.0452222351830349,0.0836620538339242,0.0460786553730091,-0.0175259711475719,-0.0209861524267266,0.0351550981391311,0.0328902033610271,0.0206708641149922,0.00599069844027897,0.0197918623618358,0.0584473136671656,0.00424040452150693,-0.0493731461381341,0.0610611205493527,0.00979371676165368,-0.0259112917102518,0.0173958340457835,-0.0137858773552904,-0.0442678553097022,0.0167948281286117,0.0483078383778872,0.00371864322324152,0.0449140303346859,-0.008734280508574,-0.0160445530604933,-0.0241269639318236,-0.0522438583042997,0.0244880979129349,0.00378252566371371,-0.0159230914901894,0.0559053551329443,-0.0244344516778391,0.022889765263138
-0.0772619844570314,0.0516678402628684,0.00859768849366327,0.0269809179028679,0.0221796115556548,0.0174498119993338,0.0378808369066643,1.01609581633555,0.0398506716867751,0.00570164703215181,1.89012778715851e-06,-0.0131660297256051,0.00244308219432108,-0.00584618581342083,-0.0217729234989174,0.0143129865741155,-0.0227635494150763,-0.0490091615739347,-0.0439264484561678,0.0499274766093537,-0.0337955839313946,-0.0347283785831154,0.0178359541795407,-0.03628038915086,-0.0100421023276103,-0.0236876572324113,0.0576348005215738,0.019168185771923,0.0447970091971961,0.0454433566498845,0.0979370837500181,-0.0413266290112802,-0.03501263971426,-0.0081794862481451,-0.00762951240913165,-0.00949918281116501,0.0188611390499919,-0.0144965235533194,0.0241239549690681,0.0107550583783346,0.0199206323986657,0.0632839004378856,-0.0382695260494514,-0.00438657575243453,-0.0126601368886658,-0.0386493436309076,0.00367983021195404,-0.0054127923571317,-0.0351783159214948,-0.0108976754300302,0.0290447147115483,0.0188104669904195,0.0303743532296288,0.0148744767809764,-0.0402837748045711,0.0361868485269155,0.0298911624316429,0.0338783621359962,0.0426503774929889,-0.0623991263261563,0.00391393887446563,-0.00319332067609335,-0.01161167764435,0.0172554257417956
-0.019556919937352,0.0501241040810546,0.0153214791309187,-0.0119800626090915,-0.0278296399212882,0.0224253103721283,-0.0405485011790668,0.0398506716867751,1.01001512705213,-0.0271478212371579,-0.0263995688018157,0.00219056221137439,0.0259186883648534,-0.0568531637359689,-0.0236805178776129,0.019728691530033,-0.0294299198068976,0.0185809199630672,-0.0528441086516051,-0.0193292225054473,0.00197541795208125,-0.0298731186507708,-0.0124006457487341,-0.00390622440273606,0.0120768072759853,0.0738961801129781,-0.0135259134210095,-0.0369767420553253,0.0673803725413563,0.0236684608213164,0.0082119300485275,0.0233191871667473,0.0125325467667655,-0.0129254605308618,-0.0113680466123805,0.020876549955379,-0.0208540296737781,-0.0067683608272236,0.0189664122137954,0.0115839289923413,0.0333363225538603,-0.0752835661730585,-0.0433669670872336,-0.00518623107647137,-0.00782484678708962,-0.033149775082576,-0.00843726484818979,0.00917628599853508,-0.015545444855615,0.0158240406041108,-0.0203352708833687,-0.00725018881489382,-0.0246538240392471,-0.0021453711855552,0.0157442850758388,-0.0286574585487727,0.0309753867301137,-0.0159711652417514,0.0218379333550149,0.00874880180161442,0.00751858190622412,-0.0360500085514772,-0.0705372542715622,0.0474194286852219
-0.0246547828461646,-0.0231192136311259,0.0722614493676663,-0.0338656678618558,-0.0152280220654538,0.0107632807424746,0.0273045387116447,0.00570164703215181,-0.0271478212371579,0.95257735480492,-0.0163376667162009,-0.0375286467050989,-0.0387531046176507,-0.0357053988806501,-0.0811166429250186,0.0232150084595328,-0.0290405131973459,-0.0573225656843663,0.0556151602384728,-0.0330034718323074,-0.0142563922430684,0.0168665914689345,0.00347304879454872,-0.0430233013498402,0.00861366707635444,-0.0326169734264668,0.00554147594372901,0.0397737659328104,0.0192496365139202,-0.0401154512819801,0.0575781809973607,-0.0278916009727972,0.0355543470571667,0.0401927072465135,0.00263197924490337,-0.0030472698595564,0.0260859818534922,0.00480066497635831,0.00256517512203931,-0.00789123295957626,-0.0377308839458146,0.0104649287542775,-0.043286902618021,0.0834457746590423,0.00212202070566717,-0.0248238146137746,0.00652724336887686,0.00885976741801698,0.027814586332355,0.03283226340453,-0.00858706527473338,0.0523437650671843,-0.045254038780403,-0.00572568231658723,-0.0336889794089675,0.0120022329711292,-0.0256437041142252,0.00818298370797365,-0.00445151426913898,0.0120315493599059,-0.00128334314524447,0.000226975604920276,-0.0251050779237795,-0.0124355588092755
-0.00419077843293188,-0.0186618935899908,-0.0801013266754083,0.0376089291842981,0.00983367352794061,0.0197760525738141,-0.0494288118792749,1.89012778715851e-06,-0.0263995688018157,-0.0163376667162009,0.981633847787243,-0.00844815358782864,0.0477483278699909,-0.0827436049701781,0.0392960092463216,0.00411318017714914,0.0193376891340998,0.00712536714763149,0.0247218286390246,-0.0116904455523822,-0.00148389952077319,-0.0298647176992125,-0.00482904781807569,-0.032411403814411,0.0347727981420438,0.00158730647957842,0.0458655060896255,0.0358728625642193,-0.0118950295151268,0.00744909914040304,-0.0541542090150103,-0.0648662161848568,0.00454173810974565,0.00472630023735111,-0.0398027055422122,0.0181252522374644,0.0149369694118776,0.0138851333249367,-0.0251638039310451,0.0228572516182056,-0.041734379986742,-0.0254783423576147,0.0200355059422938,0.0429262821922579,-0.0338986785076882,-0.0170246716783547,-0.00254953345309484,0.0213213388322775,-0.0327418424348535,0.0115099425527161,0.000620368229554229,0.0100810446809595,0.0088372500227503,-0.0336012846264395,-0.00408294593738322,0.0130423170028856,0.0103699662732976,0.0335862439095506,0.00473551146778912,-0.00345652857425892,0.0108529265905321,-0.0078805334728382,0.000543561445388805,0.00681001265633362
-0.018246808209689,0.0466473045615357,-0.00700493907471494,0.0148386403693245,-0.00982830769897508,0.00751153462175288,-0.034608005696557,-0.0131660297256051,0.00219056221137439,-0.0375286467050989,-0.00844815358782864,1.00817922772485,-0.0461627671219047,0.0665486064965563,-0.0210119742158772,0.0227174646391521,-0.0206213214047314,0.0492940549027854,0.000692322635311587,0.0256543415398657,0.0500459939362859,-0.0211695741315375,-0.0676036156928483,0.00452226657303934,-0.0274769796533324,0.0274532155363658,0.0278331316942015,0.0194771780404188,0.0357293266358424,0.0683821143824597,-0.0291789279373112,-0.0249021210242592,0.0113758964898643,0.0139641527250359,-0.0502082910620042,0.0367460957592019,-0.0129978367393914,-0.0238731485664748,-0.010795244413073,0.0273083492628368,0.0395145154841907,0.00413922479595067,0.00448016646470778,-0.0303883831469134,0.0269578263098905,0.000551707369037112,-0.0314662693895497,-0.021995617183921,-0.000750816703505828,-0.0126332498453773,0.0396381583563384,0.00408142621569111,0.00491623890321976,0.0264479035404824,0.0393854552299362,-0.0353115088432429,0.0166360813672577,-0.0632536639261284,0.0193649146723413,-0.009112434961085,0.0288965110605661,-0.0103614664027892,-0.0534431763522366,0.0296484827195981
0.0137849253645679,0.0223514502510823,-0.0254679455031112,0.0715922260704943,0.0367611207042378,-0.109919073003143,0.015613437016784,0.00244308219432108,0.0259186883648534,-0.0387531046176507,0.0477483278699909,-0.0461627671219047,1.04207092815256,-0.00702729205824693,-0.0167102527405097,0.0380204890186697,0.0216725081980017,-0.013549320580167,-0.0125474012335558,0.00402571531175683,-0.0315335333995504,-0.0275996669106367,-0.00815913999958856,0.0296717634703136,0.034570759082425,-0.0550386267946819,-0.0015700834215569,0.0084404552186072,-0.0476840322963521,0.00768817260841795,0.00552235236440498,0.061828775502559,-0.037777131837481,-0.0462902625495567,0.0122880756241309,0.00422578719732356,0.059936855915463,0.0292209415216646,0.0518007085931602,0.0732853946972027,0.00385325453506082,0.0263353371742835,-0.0379934515240919,0.00465151138635318,0.0184280388334047,-0.0725251499822663,0.0231392931749913,-0.0138299581916515,-0.00689691308296693,0.0255033115883049,0.0492540336494702,0.0314550228477475,-0.0043994424575267,0.0323133285879219,-0.0039073877542815,-0.0249324955053446,0.0382077433839633,-0.00753262342633629,-0.0123978296309693,-0.0760656851844189,0.0474465565890733,-0.0273141159808414,0.0324122429872724,0.00345987954773128
-0.0184995513993982,0.0168959900399708,-0.000375293857360112,0.0503398378731574,-0.0126851292091779,0.0182887037422317,-0.00546373107247524,-0.00584618581342083,-0.0568531637359689,-0.0357053988806501,-0.0827436049701781,0.0665486064965563,-0.00702729205824693,0.966193294922043,0.0124375381648517,-0.012318998663433,-0.0133201875268025,0.0346998922200956,0.00138878835711012,0.0161562162051759,-0.0384390367116262,-0.0178538656654893,0.0103038316140462,0.0170277789392851,-0.0138269605125321,-0.00573155937160988,0.0391809904849554,-0.00856565325297458,0.0172340954696312,0.0641407529265093,0.0553389944200077,0.00741391623169408,-0.00671716379754844,0.0744090140027901,0.00577406578833213,0.00128142688264997,0.018784023373442,-0.0539153064515635,-0.0316153000657314,0.0101912615110017,0.0490178660479285,0.0430856198382877,0.034590154501395,0.0222793901681407,0.0495673267579696,0.0509671500287136,-0.0219220781173963,0.0269201110957454,0.0064352721707657,-0.0655198155156294,-0.0336009429884454,-0.0194252200034066,0.0253994051960218,0.018043735582023,0.0292223085881161,-0.0343705739030526,0.0238710428667234,-0.0138684057194424,-0.0318334175077871,-0.0028415774688764,-0.00976367955771299,-0.03375175574934,0.0126844757810456,-0.0322492602034598
0.005782213013275,-0.00852203312537037,0.0100900120492654,0.0460300919110798,0.0315124491243257,0.0300336645493707,-0.0200813875998181,-0.0217729234989174,-0.0236805178776129,-0.0811166429250186,0.0392960092463216,-0.0210119742158772,-0.0167102527405097,0.0124375381648517,1.01632670074199,-0.0408509402459872,0.0216603766429033,0.0126173437619211,0.0329033469681559,0.0172763867513723,-0.018985097047707,0.0163550187320304,0.00769090872373602,-0.0153274360592606,-0.0242438634920833,-0.0425494252038408,-0.0425457773881445,0.0146365584113471,-0.0382394355022787,0.0441702502919295,-0.0430478889366094,-0.0108651055122213,0.0201990319969234,0.000777310317781454,0.0549400233268024,0.0269316807887929,0.0215063707837928,-0.00681770529618073,-0.0237186765703329,-0.0166988709280409,0.0309908144208564,-0.0427053157521584,0.0869972779066217,0.00416102051826048,-0.0688601412738817,0.00575222226313302,0.0115828139626966,-0.00901580316978116,0.0255224421586957,-0.00183314238347825,0.0115317754650501,-0.0320214657945515,0.036152510784515,-0.013685371617548,-0.00260770467433215,0.0723414480182553,0.0446847471058591,-0.0114208622833747,-0.0439150671412542,0.0779180114550715,-0.0297651084991399,0.0100432219922079,0.0237323311206416,-0.00725417336761846
-0.0246653655814456,0.0388903668884878,0.0109395214249313,-0.0572497514183512,-0.0138043498120831,-0.0649757251965542,0.0220564944788099,0.0143129865741155,0.019728691530033,0.0232150084595328,0.00411318017714914,0.0227174646391521,0.0380204890186697,-0.012318998663433,-0.0408509402459872,1.01398301093098,0.00486147976226601,-0.04332969084218,-0.00621510929548692,-0.0241547417042105,0.00332129587252767,-0.0221644564785083,0.00904302104959237,-0.0460986237444694,-0.0162394278526659,0.0402302315656735,0.0479506005203298,0.0187195370381928,0.04703383552543,-0.032514121415107,-0.0246265330853097,0.0062041148857378,0.024643177858331,-0.01677271018339,-0.0588668719307495,0.0364421269467619,0.00719730013804056,-0.00978040255586041,-0.0153419505801356,-0.0322081050403253,-0.0412482408550091,-0.0245247354318919,-0.00806992338230061,-0.00264908865661886,0.0132376850642482,-0.00948936825339483,-0.0243042988409841,-0.0558532995385932,0.0366831210486703,0.0369184712727133,0.00174549609549905,-0.0441760557607974,0.0121287437003779,-0.0323462550112331,-0.0531997886985828,-0.0426471836443055,0.00255515123154217,-0.0127155986938188,0.0467692174505201,0.0140958626385492,0.0363480299544994,-0.0364997264550663,0.0507911267487861,0.00635046051405636
0.0195142920634997,0.0238901266426353,-0.0266717177348155,-0.0347945830222699,0.0350009695393475,0.0281139216523634,-0.0373381575158164,-0.0227635494150763,-0.0294299198068976,-0.0290405131973459,0.0193376891340998,-0.0206213214047314,0.0216725081980017,-0.0133201875268025,0.0216603766429033,0.00486147976226601,1.05635285889876,-0.0247442591393116,0.0220746375185759,1.14516694768793e-05,-0.0142278580105913,-0.0231733367755851,-0.00364247949135763,0.0323604093412399,0.057175456585798,-0.00899988969236298,0.0854744324938289,-0.00692720859578404,-0.0312701773227662,-0.000297523359372632,-0.0368199291702754,-0.0144367128566558,0.042828086613193,-0.00429274122951928,-0.00773827649770129,-0.0398900363903548,0.0174187793509442,-0.0385591569601589,-0.046890327633931,0.036515073777245,0.0104046877022156,0.0468254430737322,-0.0241751121355649,0.00930636791711509,-0.00951478185036637,-0.0185611792949303,-0.00263234758889376,0.0133434578902519,-0.0351594024710538,-0.0293883917438842,0.00794676800574745,0.0459959709508701,0.00274900027717014,-0.0728285904290238,-0.00238908271462592,-0.0437862703176255,-0.00881762736189236,-0.0280156356997216,0.0266957235646783,0.0143856024342203,-0.0295580784573861,-0.0828717000166456,0.0116584400782055,0.0723024187043093
-0.00472126721216601,-0.0308507816642477,-0.0213404215184802,0.0269274106728378,-0.0228008933940045,-0.014823131415064,0.0444526668666339,-0.0490091615739347,0.0185809199630672,-0.0573225656843663,0.00712536714763149,0.0492940549027854,-0.013549320580167,0.0346998922200956,0.0126173437619211,-0.04332969084218,-0.0247442591393116,0.962759280658909,-0.00049533224480305,-0.0526138502013341,-0.079162138731766,0.00155095592546116,0.00611130543528713,-0.00517318240828198,0.0366173644177962,0.0119884053338554,0.0171636938692813,-0.0370706718433274,-0.00611513011599641,0.0170035788702462,-0.0479914335659187,0.0316890398273906,0.0879774142103117,0.000347401742112965,-0.0441917050954092,-0.0202449236165058,-0.0345014421559666,0.0297536450721106,-0.0132557358931675,-0.0124297431068351,-0.019796500213571,0.0121155858145027,-0.0187940103025909,0.0389411108282592,0.0325668244301899,-0.01080951770165,-0.0129209684602826,0.0165100140917102,0.0253624839208857,-0.00544588912635836,0.0225009414514999,-0.00276232352043324,0.040883746715506,0.000625609301886427,-0.013286752518679,-0.0221249431368028,0.00488971867663076,-0.0357250371175764,-0.0258964588893861,0.0525158758383449,-0.00128703111629822,0.0254169011250055,0.0276141333612715,-0.0355997148737759
-0.0244300839459934,-0.03722477128921,0.0237548814982613,-0.0132810103637763,0.0148443790009777,0.0300504882995834,-0.014461804305172,-0.0439264484561678,-0.0528441086516051,0.0556151602384728,0.0247218286390246,0.000692322635311587,-0.0125474012335558,0.00138878835711012,0.0329033469681559,-0.00621510929548692,0.0220746375185759,-0.00049533224480305,0.929771036797521,0.0435034361734836,-0.0145150268072303,-0.0468686826288909,-0.00190842539482607,0.0217256021451377,0.0458450735240864,-4.67025791530476e-05,0.0142663678164049,-0.0318006699049631,-0.031375084686808,0.0139198347651648,0.0646802926255306,0.019085539030749,-0.00579569559905182,-0.00954803984113404,0.0270424024283505,0.0118641321855791,0.0225990283217316,0.0190608976296468,-0.0005653086511267,0.0305178217828855,0.00850337674271206,-0.0224154361851326,-0.0199840762646889,-0.0242836020505563,0.00017127519235754,0.0718201577427463,-0.0274762411644293,0.0370627102076768,-0.0151764874659248,-0.0177846054097738,-0.0137454968500164,-0.043615486274608,-0.00832306339786778,-0.0466012791434962,-0.0448586605481507,-0.0171230768996942,0.0336406350490215,-0.0109912773846184,0.000287850197324327,-0.0414877796060867,-0.0231697222310747,0.0360651632379428,0.007702363932408,0.0618602968558205
-0.044975396543806,-0.0227847030252737,-0.0508243045415922,0.0296139722647326,-0.0199029359695709,-0.0326473484616333,0.0315695449276206,0.0499274766093537,-0.0193292225054473,-0.0330034718323074,-0.0116904455523822,0.0256543415398657,0.00402571531175683,0.0161562162051759,0.0172763867513723,-0.0241547417042105,1.14516694768793e-05,-0.0526138502013341,0.0435034361734836,0.991463083671791,0.01922607376487,0.0348597262311431,-0.0145486105585433,0.0507919775558262,0.0459035228693977,0.0275624483886208,0.00287019615110868,0.01104502716311,0.00496850142215596,0.00509619432940239,0.030737047898184,0.0605679836716021,-0.0648201610430722,0.031698507267001,-0.00146040664575157,0.0115606390991288,0.000628227046040047,0.0239917545953784,-0.00281043589662765,-0.00262625482308901,0.0502740446228399,-0.00685143789372597,0.0883194788675549,-0.00183137265482347,0.000893295883783115,0.0772383246056298,0.0210706725524769,0.0485478824351035,-0.0359486470178067,-0.0344835243865433,-0.00494895578191303,0.0152248577631774,0.0256416926065224,-0.0361223223147849,-0.0133061353736541,-0.0301125713330793,-0.0335981078834233,0.00600362038668932,-0.00952784806465216,-0.0239217793712892,-0.0382953149179724,-0.0270781029926003,-0.000557960262142247,0.0169622944518061
0.00126173677973366,-0.0198528112095452,0.00939719829646599,-0.0193457116237333,0.0189301897062058,0.0134829602058655,0.00586323327977876,-0.0337955839313946,0.00197541795208125,-0.0142563922430684,-0.00148389952077319,0.0500459939362859,-0.0315335333995504,-0.0384390367116262,-0.018985097047707,0.00332129587252767,-0.0142278580105913,-0.079162138731766,-0.0145150268072303,0.01922607376487,1.04125977916901,-0.0183431653947127,-0.0316259160355396,0.00860314255574753,-0.011033076993857,0.00778844627090104,-0.0191939120285951,0.0162483677805347,0.00146921228709638,0.0351652177895481,0.0346973393527772,-0.0596449550763863,-0.0112592298384918,-0.00464545405532967,0.0327563591402615,-0.0252701588130338,-0.02840351308278,0.0233111871758505,0.0651355322226563,-0.0310453369880931,0.0325788351651239,0.0355803563609913,-0.026215099336946,0.00136523272358205,-0.0401862484225337,-0.0282383464875955,0.00753785752237246,0.0531285372806679,-0.0163448908188463,0.00396463504546824,0.00739434920318067,-0.0053987144509753,0.0305917241661594,0.0393676508207718,0.00187254332736588,-0.0419750940753499,0.0102515682953917,-0.00585578746713721,-0.0659332767296263,-0.0540691390690335,0.00019893979095459,0.0158009991317927,-0.0239866051920419,0.0280880992201607
-0.0250965542376508,-0.0237782155076657,-0.049767180730142,0.00878205546873326,-0.0384926135266288,-0.0188345388910202,0.0190114490112231,-0.0347283785831154,-0.0298731186507708,0.0168665914689345,-0.0298647176992125,-0.0211695741315375,-0.0275996669106367,-0.0178538656654893,0.0163550187320304,-0.0221644564785083,-0.0231733367755851,0.00155095592546116,-0.0468686826288909,0.0348597262311431,-0.0183431653947127,1.01046293696957,-0.0217016871870651,0.00205109865547014,-0.0423951680404922,-0.0267402682217153,-0.0495732472777216,0.0528949987989174,-0.00860570169390838,-0.0223138494464529,-0.00904992191427256,0.035571268442171,-0.0415213384725937,0.0236906962481098,0.000832214646529605,0.0108050603465476,0.0344699538404302,0.0322649436643621,-0.0119614651430979,0.0140018154759411,0.00741819122265245,-0.0167472410310186,0.0252128136711611,0.000565019617498157,-0.0138206733121419,0.0425194550140767,-0.00164801407400186,0.0117175068128555,-0.00118212752406403,-0.0216619049039092,0.00883401505649428,-0.0557923058599289,0.0706925384402685,-0.0483023844641703,0.0617630505614541,0.0441404613437403,0.0444093003167433,-0.0185649761192706,-0.0751099093305347,-0.025720986993738,-0.0120266195878833,-0.0161821452862658,-0.026700870072813,0.0624226200726621
0.0116046825516851,0.0578223560385407,-0.0416774539359012,-0.0497635425953932,0.0344066352569144,0.0051547369868491,-0.0172918511317792,0.0178359541795407,-0.0124006457487341,0.00347304879454872,-0.00482904781807569,-0.0676036156928483,-0.00815913999958856,0.0103038316140462,0.00769090872373602,0.00904302104959237,-0.00364247949135763,0.00611130543528713,-0.00190842539482607,-0.0145486105585433,-0.0316259160355396,-0.0217016871870651,0.944062114493533,-0.02953518600657,-0.03006271969369,-0.00311661113941889,0.01655942756043,0.0390516731586628,-0.00222902719159598,-0.0101600643048163,0.00199206809127516,-0.0320298445773811,-0.0141118355354258,0.0129061166300652,0.0169491174242151,-0.011461033508601,0.00305795610377902,0.00418413967874751,-0.0164653359148864,-0.00965917228280599,-0.043533468506455,0.045723234011095,0.0206556806390942,0.0421037602082733,-0.00856901875087441,0.0151927501406745,-0.0142604978415771,-0.044860611607092,0.0690160422574069,-0.0522765921138342,-0.0217628113428751,-0.0108042714681983,0.0253396206169022,0.0155643360391504,-0.0285651857399499,0.0182992720604083,-0.0709954714883853,0.0331226829192162,-0.00546240312253582,-0.00805591356317232,-0.0165537583690354,-0.0447807334724767,-0.0100141310258144,0.00746953055310247
-0.0113369002965073,0.00855838806318403,-0.00848182688944869,-0.0181465917530583,-0.0132221810742533,-0.00852820092429531,0.0156286412850386,-0.03628038915086,-0.00390622440273606,-0.0430233013498402,-0.032411403814411,0.00452226657303934,0.0296717634703136,0.0170277789392851,-0.0153274360592606,-0.0460986237444694,0.0323604093412399,-0.00517318240828198,0.0217256021451377,0.0507919775558262,0.00860314255574753,0.00205109865547014,-0.02953518600657,0.978317627607572,0.000828734649196763,-0.00174976359863019,-0.0246183759082028,-0.00330642863289031,0.0415305470649477,-0.00528394409392998,0.0315382912033211,0.0299577323207479,-0.0385506347854293,-0.0392953050308591,0.0520300836771335,-0.00844285786210214,0.0236865385238401,-0.0104946024421784,-0.0560511713538642,0.017242036484541,-0.0116037189411583,-0.00929316058349499,0.0100725770983469,-0.00626931175846297,0.021290251160904,-0.00697134339628341,0.0330447722820457,0.0243160321061019,-0.0308678810137819,0.00303014663660465,0.0413921074242178,-0.024509885269643,0.0320108404761202,-0.0183299603923181,0.00757116631445327,0.00238037921376724,0.0342033934481391,-0.0352374153657432,-0.0448139548526491,0.00282108804024414,-0.0749364981233155,0.00622059668416787,0.0511505108313145,-0.0149612591492791
0.0470954053248233,0.040995840033108,-0.0318584787335281,0.0742127575522969,-0.0755252271588452,-0.00567374059667296,0.030186941619236,-0.0100421023276103,0.0120768072759853,0.00861366707635444,0.0347727981420438,-0.0274769796533324,0.034570759082425,-0.0138269605125321,-0.0242438634920833,-0.0162394278526659,0.057175456585798,0.0366173644177962,0.0458450735240864,0.0459035228693977,-0.011033076993857,-0.0423951680404922,-0.03006271969369,0.000828734649196763,1.13057277256981,-0.0434617939100646,-0.0771859655287593,0.048192260951603,0.00712870901939534,0.0487967547201816,0.0816133140439264,-0.0438491529994659,-0.0114237088428001,-0.0447350421800585,-0.0355872137850256,0.00816995221910747,0.0471053962328014,0.00423973441101692,-0.0278631951052276,-0.0277605401682084,0.0179555670984355,0.0175662031347678,-0.00102657013871368,0.00505476732323336,-0.025388233715463,-0.074591045470146,0.00544371097548034,0.0512167638374671,-0.0379918131918232,0.0467494399459017,-0.00501040186806107,-0.0369731083784023,-0.057364230399986,-0.0234391344019063,-0.00637555225511003,-0.0063481926099318,0.0685984148096368,0.0161705250032312,0.0675728278432692,-0.0274450991554556,-0.0182696257954249,0.0349255125946475,0.00095804815551371,-0.00799782463587712
0.00106254708806286,-0.0537464062689384,-0.0390953678407833,0.0279981949632947,0.00442694082269657,-0.0210623512877296,-0.0425880481041264,-0.0236876572324113,0.0738961801129781,-0.0326169734264668,0.00158730647957842,0.0274532155363658,-0.0550386267946819,-0.00573155937160988,-0.0425494252038408,0.0402302315656735,-0.00899988969236298,0.0119884053338554,-4.67025791530476e-05,0.0275624483886208,0.00778844627090104,-0.0267402682217153,-0.00311661113941889,-0.00174976359863019,-0.0434617939100646,1.0147759655777,-0.0192021861858022,0.0352106689333992,-0.0570373605816982,-0.0218370567336954,0.0134882444093328,-0.0187137228795815,0.0177137323785963,-0.0198750157866715,0.0223220668066291,-0.0266663714839068,-0.0674257707950505,-0.0138984058798905,0.0317226148236242,-0.00835240948109861,-0.00809586228396188,0.0171364681761301,0.0130318208905878,0.0442937113852305,0.0183419534503353,0.026439336886905,-0.00620188523785703,-0.0370167769996323,0.000932346282642414,-0.0137084205710084,0.0258195976100737,-0.00303467122337227,-0.0225328241949909,0.00207902834764273,-0.0260688377917935,0.0255323654865443,0.0269125373602706,0.0275856971857429,0.0147286781691283,0.0296284787720904,0.017751053063847,-0.00171949822149859,0.0173329180804681,0.0265403744743708
0.00775682226518789,-0.0148069711160556,-0.019048710472701,-0.0078471009976433,0.0408389294948251,0.0479264255055869,-0.0199101763772897,0.0576348005215738,-0.0135259134210095,0.00554147594372901,0.0458655060896255,0.0278331316942015,-0.0015700834215569,0.0391809904849554,-0.0425457773881445,0.0479506005203298,0.0854744324938289,0.0171636938692813,0.0142663678164049,0.00287019615110868,-0.0191939120285951,-0.0495732472777216,0.01655942756043,-0.0246183759082028,-0.0771859655287593,-0.0192021861858022,0.982685164930024,0.0116904532613351,-0.0281278935424968,0.00450694515585731,-0.00866109489422059,-0.00484518478739931,-0.0201332522388909,0.0408161239813868,-0.00465905132935555,-0.00503799280653114,0.0220592758139892,-0.046995294477886,0.0034524786054753,0.0478446308839829,0.00135716004484934,-0.0437827662159527,-0.0358555090871196,0.0233326246435058,-0.0605609322499027,0.0462901812442308,0.0178158634330582,0.00518938090725743,0.00183260528850771,0.000663881942040781,-0.0287770764478151,-0.0396676141670254,-0.0201531484991299,-0.0239826162487297,0.0222553159437122,-0.00503625179286705,-0.0285506006907601,0.0420191967475727,0.00632188121563621,0.0357934352983152,-0.0135703414738226,-0.0536885571904834,0.0333883843470718,0.0470790645923772
-0.0347336077008609,-0.0534294021905445,0.0414649401185821,-0.00748293285311753,0.0200184767641203,0.0294874308489249,0.0269047920582757,0.019168185771923,-0.0369767420553253,0.0397737659328104,0.0358728625642193,0.0194771780404188,0.0084404552186072,-0.00856565325297458,0.0146365584113471,0.0187195370381928,-0.00692720859578404,-0.0370706718433274,-0.0318006699049631,0.01104502716311,0.0162483677805347,0.0528949987989174,0.0390516731586628,-0.00330642863289031,0.048192260951603,0.0352106689333992,0.0116904532613351,0.941572351681915,-0.0627969454588741,-0.00140686261368674,-0.00903813517975298,0.00711143590003126,-0.0519310068100456,0.0197085869733726,0.0297082655824817,0.0368806747817727,0.0254206457063282,-0.0298825240050335,0.0164423183971042,0.0172359325612029,0.0506390369181524,0.041353351965555,0.0189036275957876,0.0279149924101436,-0.0589118731219794,-0.0625290070809556,-0.0333493902087581,-0.0321408750847522,0.0182057337466588,0.00808073813050817,0.00513417977558088,0.017035702633232,0.0246572310167425,-0.0733839266614065,-0.00935354779624756,0.0220506841837648,-0.0595895653240754,0.022349561830089,0.0217627208370318,-0.00584335640788293,-0.0579858325087082,-0.0104552310935005,0.0230778693982959,0.00682464204277181
-0.0234883335252382,0.0484677611951615,0.0455157390720381,0.00801764572605279,-0.0277914556643334,0.0302695168914205,0.00504525294964171,0.0447970091971961,0.0673803725413563,0.0192496365139202,-0.0118950295151268,0.0357293266358424,-0.0476840322963521,0.0172340954696312,-0.0382394355022787,0.04703383552543,-0.0312701773227662,-0.00611513011599641,-0.031375084686808,0.00496850142215596,0.00146921228709638,-0.00860570169390838,-0.00222902719159598,0.0415305470649477,0.00712870901939534,-0.0570373605816982,-0.0281278935424968,-0.0627969454588741,0.980411994973267,0.00140472444709542,-0.0369883292954659,-0.0060718468073986,-0.00249819679295494,0.0117358333827814,-0.0217867619330215,0.0349753944476318,-0.00575513330712634,0.00708136066904055,-0.033073227577278,-0.0427010712149032,-0.00457157382021285,-0.00135165010089062,-0.0446064449422743,0.0139952042307001,0.0404896894009754,0.0675967581519439,0.0427287952763614,-0.0357053854775477,-0.0199788519997268,0.0512895038342949,0.013089978212115,0.00775952959889403,-0.0306932662219192,-0.00294089336138739,0.00885201399447073,-0.0182290083542413,0.0374051937017618,-0.0882171972786451,0.0548478334246614,-0.021443903695732,0.0278688826544222,0.00765286770148496,-0.0153305995930194,-0.0154436021288067
0.0220045944746252,0.0349806648429423,-0.041859457787206,0.00522427123898554,0.0056443279557715,0.0238953853013884,0.0218734824194223,0.0454433566498845,0.0236684608213164,-0.0401154512819801,0.00744909914040304,0.0683821143824597,0.00768817260841795,0.0641407529265093,0.0441702502919295,-0.032514121415107,-0.000297523359372632,0.0170035788702462,0.0139198347651648,0.00509619432940239,0.0351652177895481,-0.0223138494464529,-0.0101600643048163,-0.00528394409392998,0.0487967547201816,-0.0218370567336954,0.00450694515585731,-0.00140686261368674,0.00140472444709542,0.923643874852498,0.0148382495466877,-0.0318963071919569,-0.0143041722855389,0.0464015914315116,-0.0936869844262394,-0.0174542893105309,0.0405715185858919,0.012387588832288,-0.0403307131159335,0.00522219381707589,0.00164839436155783,0.00559151069720418,-0.0277367576715373,-0.000694811834347232,-0.0210996786689496,0.0227528264903519,0.0125137134712058,0.00337902407178775,0.00547846934607541,0.0232887532598878,-0.0690054402541812,0.0152159529689703,0.0243454765894795,-0.0149395842947305,0.0394094519237107,-0.00718992168391714,0.0313512735655779,-0.0361364175046544,-0.00789378042411648,-0.00858161194712463,-0.0320653871427149,0.0571008226672738,-0.0370923168390379,-0.0248453410283794
-0.0462035123760713,-0.0425673897714558,0.0176762813466296,-0.0395148563662033,0.0276620603511854,-0.0100266694191113,-0.0092484674021821,0.0979370837500181,0.0082119300485275,0.0575781809973607,-0.0541542090150103,-0.0291789279373112,0.00552235236440498,0.0553389944200077,-0.0430478889366094,-0.0246265330853097,-0.0368199291702754,-0.0479914335659187,0.0646802926255306,0.030737047898184,0.0346973393527772,-0.00904992191427256,0.00199206809127516,0.0315382912033211,0.0816133140439264,0.0134882444093328,-0.00866109489422059,-0.00903813517975298,-0.0369883292954659,0.0148382495466877,1.01094057768589,-0.0227401484867181,0.039129496326609,-0.0545038994360642,-0.00486691576577345,0.00912171914202136,0.025201487905806,0.0172915337737513,-0.0444640087127658,-0.0112807412718876,-0.082221561468493,0.0252513815060995,-0.0125648266759334,-0.00549053153953968,-0.0157399660798775,-0.0266931264358887,0.0429851739660978,0.0377859872320071,-0.0516345440955825,0.0253339682458615,-0.0585150675707736,0.0424415459600731,-0.0275450124357941,0.0125126496889135,0.0415279752288044,-0.0267318334273278,-0.018774980154916,0.0236685849081389,0.0213440028396762,-0.0107965814101477,0.00834143151070003,-0.0221448619536414,-0.00700121288212359,0.0142764331477324
