0.950027507669864,0.436606594108737,-0.344705765656852,-0.169845987110599,-0.184371728840351,0.0390992965987087,-0.314061531767613,0.0507982787264791
0.436606594108737,0.845321325120529,-0.433018929734556,-0.073482657833619,-0.0133082028620439,0.191139695930219,-0.0343786981589208,-0.123331086119575
-0.344705765656852,-0.433018929734556,0.882435127990413,0.30980337143632,-0.468724688263889,-0.303285974319417,-0.137122817786298,-0.139513208005768
-0.169845987110599,-0.073482657833619,0.30980337143632,0.773694140961325,-0.517115565760242,0.0459921968198964,-0.059680297437585,-0.205036988273149
-0.184371728840351,-0.0133082028620439,-0.468724688263889,-0.517115565760242,1.52086147617185,0.135994189297847,0.424930860893387,0.852143334356207
0.0390992965987087,0.191139695930219,-0.303285974319417,0.0459921968198964,0.135994189297847,0.920001459302268,0.272752287593613,-0.0957925776084033
-0.314061531767613,-0.0343786981589208,-0.137122817786298,-0.059680297437585,0.424930860893387,0.272752287593613,1.30935574289473,0.00523435270169521
0.0507982787264791,-0.123331086119575,-0.139513208005768,-0.205036988273149,0.852143334356207,-0.0957925776084033,0.00523435270169521,0.975813154787129
